50 50 8
14216614003117143682748453322859142235694747140269
16237821481657476716967121387370817080491736669078
30573636372365070204980995916101599221255695946725
27374505752145661258291088410543431776004401113461
33007638928626211382048091108120250800662038003633
47785354048184415756240184782857436537400081122209
91941499984462289293037830719757440318704676787114
09330549443256164272682186324148439694939215735188
67641971325868079127318384168563425825408264447264
72993100481971132968709305331031645803458546222640
42502640739802489313823283510558615799867298053438
74533434325229264183593116730143519089764640035724
81627602514583769811660620456757341595177715331896
38095488812884985721123949162435390290499134241475
02489031608974862249721555800728603826397502611359
29852097540552335979086194691440955964627640451003
83259182324354607371091825405800992638017256122165
28694992107043677639246755241739923510135835155241
29250788955385160201543546898506041576425186569441
85303347806347272278183288563510970869543956284450
52190062651013423733722969845768633977540432422427
74970432677835562087638925307853823583981963271024
37819643411150717547218804470322932644937376766932
02924129470184582682505629929360675084429866932424
55461677244368099446913924755797641157425667210484
77147015518970152506851534308664411041751693796969
29355887604474572929395775966953564555847681970934
29038638619669309440605444724767447512294650906872
21068508627162719075927027503635443720177709777788
03782021161227911981144609640686428080653551228539
38280118025575073616200123439234024275837823999611
07501172602826917203429235075713085407062536913220
08333133566171604570061804916607736544323175044102
04245047220901952972198305656683620826386190207789
58888772432753412464329710005713222254557778031448
92450310487889142615599540938995145364400300155789
52396082286512690413777487614742471951839840099733
03797777964162828924861907808393491554846776092793
30340135012823862968869595502243887448743963549738
18734724818874953451584380944578114083465030745076
00911409604637890582169534483833179582191502832714
74840814758070915140382209862165251664314433430170
12055155206673356780830698250364112792136527631609
55566627766722814432955975324216807124072170955715
67306149071411663264989796132291653726675333242846
41601056700459158003677935076903145159166383697240
67638023666419501685587361164180475006713468216984
83474361863541168266914833260715311342880596266550
00945445689851834492119829284267425745516740085374
33169335531889170467608727411968422830054149391931
