14 1 0
16 12 1
7 4 2
17 13 3
3 15 4
1 17 5
13 10 6
15 19 7
14 8 8
3 5 9
4 11 10
10 18 11
0 8 12
5 11 13
19 13 14
5 3 15
15 12 16
10 9 17
3 7 18
2 7 19
1 3 20
3 13 21
3 16 22
17 3 23
6 4 24
11 2 25
0 5 26
11 14 27
10 17 28
14 16 29
5 9 30
4 17 31
18 15 32
8 18 33
8 6 34
10 6 35
13 12 36
11 8 37
16 4 38
17 14 39
6 3 40
2 10 41
2 15 42
9 10 43
1 12 44
8 3 45
6 11 46
5 19 47
17 4 48
19 3 49
18 8 50
7 18 51
15 6 52
2 19 53
9 19 54
1 11 55
17 18 56
9 18 57
4 3 58
9 8 59
4 18 60
7 1 61
15 14 62
5 16 63
6 2 64
5 15 65
0 6 66
1 6 67
2 17 68
14 0 69
14 6 70
7 10 71
4 13 72
13 3 73
14 4 74
12 14 75
15 8 76
2 5 77
7 9 78
1 14 79
18 1 80
16 3 81
2 6 82
8 8 83
7 7 84
6 5 85
2 16 86
18 5 87
16 15 88
10 8 89
1 8 90
14 7 91
4 6 92
0 9 93
5 0 94
17 9 95
13 2 96
12 3 97
4 7 98
12 1 99
