16 5000 1000
3 6 0 7 1
3 7 0 6 1
8 5 0 9 1
8 8 0 10 1
9 12 0 9 1
4 4 1 12 1
8 4 1 4 1
13 1 1 1 1
1 10 2 8 1
2 2 2 8 1
3 0 2 7 1
3 11 2 7 1
7 8 2 20 1
0 3 3 15 1
0 4 3 5 2
5 13 3 14 1
11 9 3 21 1
14 10 3 22 1
1 0 4 10 1
5 8 4 7 1
7 5 4 16 1
11 7 4 7 1
0 6 5 23 1
1 9 5 9 1
3 9 5 6 1
4 5 5 15 1
10 3 5 12 1
11 1 5 21 1
12 14 5 8 1
14 12 5 15 1
14 14 5 10 1
2 0 6 18 2
9 5 6 15 1
10 8 6 11 1
10 12 6 6 1
10 13 6 25 1
13 1 6 17 1
13 11 6 15 1
7 11 7 8 1
9 1 7 20 1
2 13 8 23 1
3 11 8 24 1
7 3 8 8 1
10 6 8 12 1
10 10 8 17 1
11 13 8 15 1
1 11 9 19 1
4 1 9 18 1
6 6 9 16 1
9 9 9 24 1
1 14 10 24 1
2 7 10 14 1
6 13 10 17 1
11 12 10 19 1
1 8 11 23 1
12 7 11 25 1
15 1 11 27 1
15 3 11 15 1
5 2 12 22 1
12 3 12 22 1
1 6 13 23 1
3 9 13 25 1
6 5 13 16 1
8 8 13 13 1
10 9 13 17 1
11 7 13 14 1
11 10 13 23 1
15 7 13 14 1
3 0 14 14 1
3 2 14 32 2
3 4 14 20 1
6 9 14 30 1
7 3 14 20 1
9 6 14 33 1
4 9 15 19 1
5 0 15 19 1
6 7 15 15 1
8 14 15 30 1
9 11 15 28 1
9 12 15 35 1
10 14 15 20 2
13 14 15 27 1
14 14 15 31 2
15 0 15 25 1
0 0 16 31 1
0 8 16 29 1
0 15 16 35 1
1 3 16 19 1
6 4 16 26 2
11 2 16 16 1
13 13 16 28 1
15 9 16 36 1
15 11 16 31 1
10 3 17 36 1
10 6 17 34 1
11 13 17 25 1
13 15 17 26 2
14 11 17 36 1
0 7 18 31 1
2 1 18 26 1
3 6 19 20 1
4 0 19 38 1
6 7 19 26 1
7 2 19 28 1
9 4 19 19 1
14 0 19 34 1
3 15 20 25 2
9 4 20 33 1
13 1 20 31 1
13 2 20 21 1
15 15 20 29 1
0 13 21 37 1
5 5 21 33 2
5 13 21 29 1
8 8 21 29 1
5 0 22 24 1
11 8 22 33 1
2 2 23 26 1
3 8 23 42 1
7 0 23 30 1
14 13 23 25 1
15 7 23 38 1
0 2 25 34 1
7 14 25 31 1
5 0 26 26 2
5 3 26 40 1
5 7 26 46 2
8 12 26 38 1
11 4 26 26 1
12 0 26 26 1
14 2 26 26 1
0 1 27 47 2
2 4 27 27 2
8 6 27 30 1
8 11 27 30 1
9 10 27 37 1
11 12 27 31 1
13 2 27 43 1
13 9 27 27 1
0 6 28 30 1
4 8 28 48 1
4 11 28 33 1
8 10 28 39 1
10 8 28 33 1
11 13 28 47 1
12 9 28 35 1
13 11 28 37 1
3 14 29 41 1
11 6 29 33 1
6 0 30 41 1
6 1 31 51 1
7 4 31 36 1
8 8 31 39 2
15 0 31 44 1
6 7 32 52 1
8 5 32 51 1
10 2 32 41 1
15 2 32 42 2
15 8 32 40 1
0 12 33 49 1
1 14 33 52 1
5 4 33 44 1
9 13 33 42 1
12 3 33 35 1
13 14 33 42 2
15 11 33 40 1
0 9 34 37 1
6 13 34 44 1
11 1 34 36 1
11 6 34 42 1
11 14 34 46 1
13 1 34 34 1
0 2 35 36 2
12 8 35 54 1
12 10 35 37 2
15 4 35 39 1
15 13 35 41 1
0 14 37 49 1
1 2 37 45 1
2 1 37 48 1
2 14 37 44 1
5 14 37 50 1
9 1 37 46 2
11 4 37 54 1
12 1 37 53 1
1 9 38 41 1
5 0 38 55 1
9 2 38 55 2
10 0 38 41 1
11 8 38 57 1
13 9 38 54 2
14 3 38 40 1
3 5 39 45 2
9 0 39 48 1
12 15 39 58 2
13 11 39 56 1
0 5 40 41 1
6 11 40 58 1
7 2 40 41 2
10 7 40 41 1
11 12 40 54 1
15 14 40 56 1
3 15 41 41 2
8 9 41 44 2
8 14 41 56 1
11 11 41 54 1
13 7 41 42 1
0 11 42 55 1
6 9 42 57 2
12 0 42 62 1
12 11 42 50 1
14 2 42 47 2
8 6 43 61 1
8 15 43 44 2
10 1 43 44 1
10 10 43 60 1
12 14 43 53 1
14 6 43 48 1
2 13 44 47 1
5 9 44 46 1
11 9 44 46 1
15 5 44 60 1
9 12 45 49 1
12 4 45 63 1
1 6 46 59 1
2 11 46 59 1
3 7 46 61 1
7 14 46 51 2
8 13 46 61 2
10 5 46 55 2
12 12 46 49 1
13 8 46 46 1
0 9 47 49 1
2 9 47 54 1
4 7 47 58 1
6 8 47 47 1
8 0 47 55 1
8 8 47 53 1
13 2 47 66 1
0 4 48 57 1
2 6 48 51 1
3 5 48 52 2
4 11 48 54 1
6 6 48 53 2
7 7 48 65 2
14 12 48 52 2
0 15 49 59 2
1 3 49 53 1
1 7 49 52 1
2 0 49 66 2
5 3 49 58 1
6 2 49 64 1
9 3 49 60 2
10 14 49 55 1
13 1 49 54 1
13 4 49 59 2
14 4 49 62 1
1 9 50 50 1
3 1 50 55 1
7 6 50 60 1
13 7 50 62 2
13 10 50 52 2
0 12 51 65 1
2 14 51 64 1
3 3 51 51 1
3 10 51 71 1
9 13 51 58 1
15 3 51 63 1
15 8 51 52 1
8 3 52 59 1
0 9 53 63 2
2 6 53 58 2
4 1 53 54 1
6 0 53 58 1
8 11 53 71 1
9 5 53 55 2
9 9 53 61 2
5 13 54 58 2
7 11 54 54 1
9 6 54 55 1
13 15 54 59 1
4 15 55 64 2
6 15 55 56 1
12 5 55 69 1
12 9 55 67 2
14 0 55 75 1
10 1 56 58 2
7 12 57 64 2
7 13 57 60 1
10 8 57 59 1
14 15 57 62 1
1 2 58 69 1
1 10 58 59 2
13 13 58 75 1
3 14 59 79 1
4 10 59 72 1
7 0 59 66 2
7 1 59 75 2
10 1 59 65 1
12 15 59 76 1
15 0 59 75 1
2 15 60 73 1
8 4 60 69 1
9 8 60 74 1
13 8 60 71 2
2 3 61 70 2
6 3 61 74 1
7 8 61 74 1
13 10 61 65 2
3 11 62 79 1
4 11 62 62 2
13 6 62 64 1
14 9 62 67 1
0 13 63 70 1
6 4 63 72 3
15 7 63 78 1
3 8 64 74 2
10 5 64 68 1
13 0 64 71 1
13 5 64 80 1
5 1 65 81 2
5 10 65 77 1
7 5 65 78 2
9 5 65 66 2
0 7 66 85 2
1 10 66 81 2
5 14 66 82 1
8 5 66 70 1
9 7 66 71 2
5 8 67 80 1
6 9 67 75 2
14 14 67 78 1
4 9 68 78 2
6 0 68 72 2
6 15 68 80 1
7 4 68 75 2
7 7 68 84 1
8 2 68 79 2
8 6 68 71 1
8 10 68 70 2
10 13 68 70 2
13 10 68 87 2
15 4 68 78 2
15 9 68 81 1
3 4 69 87 2
4 3 69 82 1
11 1 69 71 2
12 14 69 72 1
1 12 70 83 3
5 5 70 79 1
10 0 70 79 1
10 1 70 82 1
10 9 70 73 2
14 3 70 71 1
15 3 70 90 2
0 9 71 86 2
1 11 71 79 1
6 2 71 89 1
1 1 72 79 1
7 6 72 84 2
0 3 73 85 3
3 15 73 75 2
11 1 73 91 1
11 10 73 81 1
13 1 73 77 2
0 6 74 87 2
2 12 74 81 3
8 10 74 90 2
14 6 74 79 1
12 7 75 81 1
13 7 75 80 3
15 13 75 90 1
0 13 76 91 1
2 0 76 80 1
4 7 76 77 3
11 13 76 85 1
7 11 77 91 1
10 9 77 78 1
11 5 77 81 1
12 4 77 95 2
8 12 78 78 1
0 10 79 80 2
1 4 79 94 3
2 4 79 79 1
6 10 79 96 1
12 1 79 80 2
15 2 79 99 2
15 5 79 91 3
0 5 80 94 1
1 13 80 81 2
4 8 80 81 2
7 8 80 81 1
7 10 80 88 1
8 13 80 83 3
9 13 80 90 3
13 2 80 85 3
14 6 80 92 2
14 8 80 93 1
1 5 81 84 3
2 6 81 89 3
3 9 81 87 1
5 5 81 101 2
6 6 81 99 1
0 2 82 93 1
0 4 82 82 1
1 6 82 102 2
10 6 82 85 1
12 5 82 89 2
13 0 82 100 1
13 11 82 99 1
14 2 82 82 1
1 2 83 85 2
5 3 83 83 2
6 1 83 102 2
8 1 83 89 1
9 3 83 85 1
9 7 83 88 1
10 0 83 89 2
11 2 83 95 2
11 14 83 100 2
13 7 83 83 3
15 10 83 88 1
15 14 83 102 1
1 10 84 103 1
3 0 84 93 2
3 13 84 101 1
4 11 84 90 1
13 1 84 101 1
11 5 85 86 3
14 1 85 95 2
14 7 85 94 1
0 1 86 99 2
1 15 86 96 2
7 12 86 103 3
14 9 86 90 2
14 10 86 99 1
15 0 86 104 3
15 4 86 101 1
15 9 86 93 1
7 14 87 94 1
11 0 87 94 1
13 13 87 88 1
2 14 88 93 2
3 5 88 102 1
3 14 88 90 1
12 1 88 102 2
2 13 89 103 1
5 7 89 102 3
5 9 89 109 1
5 11 89 94 1
6 5 89 94 1
8 9 89 106 1
13 5 89 94 1
1 13 90 108 1
5 8 90 99 1
5 10 90 98 2
10 11 90 109 1
2 5 91 104 2
8 7 91 99 3
8 13 91 94 2
9 7 91 96 1
10 10 91 92 1
13 4 91 94 1
0 9 92 112 2
2 2 92 98 1
6 2 92 108 1
8 14 92 111 1
9 0 92 103 2
11 9 92 93 1
12 15 92 108 3
3 8 93 104 3
4 9 93 99 1
9 13 93 112 2
10 13 93 113 2
11 4 93 107 1
14 14 93 105 3
2 7 94 101 1
3 10 94 96 1
4 2 94 99 2
5 1 94 112 1
7 11 94 113 1
9 3 94 98 2
12 10 94 96 1
8 5 95 104 2
11 12 95 106 2
12 2 95 113 3
15 10 95 101 3
2 4 96 107 3
6 13 96 116 2
10 6 96 104 1
14 4 96 96 2
14 8 96 108 3
5 0 97 107 3
2 11 98 109 1
7 1 98 104 1
9 15 98 115 2
13 10 98 105 3
14 11 98 106 1
10 15 99 116 1
14 2 99 102 3
0 4 100 113 1
4 1 100 104 1
4 12 100 118 2
10 0 100 111 1
10 3 100 107 2
12 11 100 105 2
13 3 100 101 1
1 14 101 115 3
4 9 101 113 3
2 12 102 109 3
2 14 102 118 2
6 15 102 115 2
7 10 102 115 1
13 8 102 117 1
13 14 102 120 4
1 0 103 111 2
4 13 103 116 1
2 15 104 111 1
3 4 104 113 1
7 15 104 107 1
9 10 104 104 3
11 0 104 113 1
1 7 105 117 3
3 7 105 124 3
8 2 105 116 4
11 7 105 109 1
12 1 105 108 3
0 11 106 124 2
3 9 106 107 3
7 3 106 113 1
14 2 106 115 3
1 3 107 109 1
1 11 107 116 2
2 2 107 110 1
4 8 107 112 1
8 8 107 113 4
11 12 107 110 1
12 4 107 115 1
15 1 107 113 1
3 2 108 114 1
5 4 108 109 1
6 10 109 125 1
8 13 109 120 1
8 15 109 119 2
12 9 109 109 2
13 0 109 120 1
4 7 110 129 3
8 12 110 114 2
10 4 110 116 1
3 12 111 118 1
6 1 111 127 1
8 0 111 131 3
8 11 111 123 1
9 1 111 131 1
10 1 111 123 3
11 2 111 125 1
11 11 111 131 1
14 9 111 111 3
0 6 112 117 1
1 15 112 114 1
6 6 112 115 1
7 1 112 126 2
15 6 112 128 1
1 9 113 115 1
5 9 113 129 4
12 0 113 127 3
12 7 113 114 2
12 13 113 120 1
2 13 114 114 2
5 5 114 129 2
7 0 114 126 1
7 4 114 123 1
11 1 114 131 3
15 2 114 124 3
4 15 115 133 1
7 7 115 120 2
10 8 115 121 3
1 2 116 125 1
1 4 116 117 2
3 5 116 132 2
3 9 116 117 3
3 13 116 129 1
13 5 116 118 1
2 8 117 127 1
5 3 117 128 1
11 3 117 136 1
11 12 117 123 2
14 7 117 128 2
15 12 117 120 1
0 9 118 136 1
3 1 118 121 1
3 14 118 133 1
9 6 118 133 1
10 7 118 137 1
15 1 118 133 3
3 12 119 122 2
7 11 119 128 3
2 2 120 129 1
6 5 120 120 1
8 4 120 128 1
13 6 120 125 4
2 15 121 132 2
3 2 121 128 1
9 4 121 132 2
10 3 121 136 1
11 0 121 130 2
11 13 121 131 3
11 6 122 126 1
14 1 122 129 2
15 9 122 142 2
15 12 122 138 1
3 9 123 139 1
6 5 123 131 1
6 12 123 143 1
15 10 123 143 1
1 15 124 132 1
2 9 124 132 1
6 8 124 128 3
12 13 124 139 3
13 15 124 127 3
15 5 124 134 2
1 5 125 139 2
8 6 125 138 1
9 12 125 144 1
11 7 125 131 1
15 7 125 135 3
0 5 126 143 2
1 7 126 131 4
2 13 126 143 4
3 3 126 141 1
4 0 126 136 3
5 7 126 140 3
6 15 126 128 3
9 3 126 131 4
4 1 127 142 2
4 5 127 139 1
13 4 127 127 3
2 3 128 128 2
10 14 128 129 2
12 10 128 143 1
4 4 129 132 4
5 13 129 145 1
12 7 129 148 1
13 11 129 149 2
14 2 129 133 1
3 0 130 137 4
5 0 130 143 3
5 8 130 139 4
8 4 130 144 1
12 2 130 148 1
13 6 130 148 3
0 3 131 138 2
1 3 131 147 1
5 3 131 144 2
5 9 131 149 1
5 10 131 143 1
14 15 131 150 4
2 2 132 152 1
4 6 132 152 4
5 1 132 145 1
6 6 132 150 2
8 13 132 134 1
3 10 133 134 3
5 12 133 141 3
5 15 133 143 1
7 13 133 135 1
9 1 133 134 1
11 0 133 136 1
14 5 133 137 2
14 12 133 147 2
0 15 134 153 1
8 0 134 148 3
8 12 134 134 1
10 15 134 142 4
14 13 134 146 1
1 8 135 143 1
5 11 135 138 1
9 5 135 153 2
12 6 135 151 2
12 12 135 145 3
15 2 135 142 1
15 8 135 142 2
10 2 136 145 1
12 1 136 141 2
0 9 137 145 2
4 8 137 147 1
6 3 137 142 2
7 13 137 139 2
10 12 137 142 1
11 15 137 150 3
1 7 138 154 1
10 0 138 138 2
0 1 139 148 2
9 3 139 139 2
10 10 139 157 4
8 15 140 148 3
14 5 140 150 1
15 14 140 146 1
5 6 141 143 4
7 8 141 149 5
9 13 141 143 2
15 6 141 142 4
5 12 142 151 2
10 1 142 142 1
11 2 142 145 3
11 8 142 159 1
13 0 142 148 3
14 11 142 161 3
3 8 143 148 4
10 0 143 144 2
12 14 143 146 1
15 8 143 161 1
3 3 144 163 1
4 11 144 161 2
5 7 144 149 3
11 3 144 156 1
15 2 144 146 3
1 13 145 165 1
6 0 145 158 2
8 9 145 152 4
14 6 145 164 3
1 10 146 151 2
6 15 146 162 1
8 6 146 162 2
9 10 146 150 1
13 5 146 159 1
14 7 146 163 3
11 2 147 161 1
12 15 147 159 1
13 9 148 162 1
1 1 149 161 4
4 3 149 156 1
4 10 149 165 1
4 13 149 151 2
8 7 149 164 1
9 6 149 163 1
11 12 149 154 2
12 9 149 166 1
2 15 150 152 2
7 1 150 157 1
7 3 150 164 1
9 11 150 162 2
14 4 150 154 1
4 15 151 163 3
0 3 152 169 2
1 0 152 154 2
8 15 152 162 3
9 0 152 162 4
12 4 152 161 5
12 14 152 156 2
0 0 153 169 1
0 14 153 161 1
5 0 153 156 2
14 14 153 168 4
3 5 154 169 5
3 13 154 160 1
6 3 154 170 5
7 12 154 157 2
0 5 155 159 4
14 4 155 173 1
0 8 156 162 4
5 12 156 162 2
6 6 156 164 3
8 3 156 167 3
14 15 156 160 2
2 13 157 159 1
2 15 157 173 3
4 3 157 172 3
5 0 157 171 4
15 5 157 159 3
12 12 158 163 5
15 14 158 172 1
1 8 159 165 4
4 9 159 169 1
5 8 159 176 4
7 6 159 168 3
8 4 159 179 5
10 3 159 164 2
13 15 159 179 1
14 0 159 163 1
15 11 159 167 3
2 1 160 173 3
13 14 160 160 1
14 3 160 179 2
2 0 161 180 4
3 1 161 178 1
4 0 161 177 1
7 12 161 176 1
9 12 161 174 1
9 15 161 166 1
10 6 161 164 1
14 13 161 167 5
15 0 161 166 2
1 9 162 162 3
5 5 162 164 3
5 11 162 163 4
11 2 162 167 2
4 5 163 171 2
8 8 163 172 3
9 3 163 177 3
2 9 164 171 2
2 14 164 171 3
5 9 164 171 4
6 4 164 170 2
6 12 164 173 1
12 13 164 175 1
6 13 165 183 1
11 6 165 165 3
12 5 165 172 5
13 1 165 183 2
14 5 165 182 1
3 13 166 181 2
4 14 166 169 3
15 5 166 179 6
15 13 166 176 5
2 11 167 174 1
10 1 167 187 1
2 4 168 174 1
6 11 168 178 5
7 11 168 181 2
8 14 168 175 4
9 2 168 176 2
9 14 168 182 4
12 11 168 168 2
13 6 168 185 1
13 7 168 170 4
3 8 169 185 3
7 13 169 173 1
8 3 169 181 1
2 10 170 188 3
6 7 170 182 3
10 8 170 176 2
14 10 170 172 3
13 14 171 172 3
0 0 172 173 2
1 5 172 175 2
5 0 172 175 2
5 6 172 176 1
5 14 172 178 5
6 8 172 186 2
9 1 172 175 1
11 12 172 173 6
15 12 172 191 1
1 14 173 183 1
8 0 173 176 2
10 11 173 189 2
14 0 173 186 2
15 10 173 174 2
0 10 174 183 1
1 8 174 187 2
6 14 174 184 4
7 7 174 177 5
7 15 174 177 3
8 1 174 190 4
12 6 174 192 5
12 10 174 178 2
1 3 175 178 1
1 12 175 178 4
1 13 175 184 4
4 2 175 180 1
4 7 175 189 5
5 5 175 183 1
6 1 175 180 2
7 1 175 188 2
7 6 175 184 2
12 14 175 188 5
2 3 176 196 3
3 11 176 184 2
7 4 176 187 4
12 3 176 177 5
12 4 176 181 2
14 2 176 183 2
14 14 176 176 4
4 14 177 195 1
10 9 177 196 1
13 2 177 193 3
13 7 177 178 1
0 3 178 184 1
2 13 178 180 2
5 6 178 193 4
8 10 178 193 1
11 13 178 179 3
0 6 179 199 2
5 14 179 193 4
6 10 179 189 2
10 10 179 181 2
11 12 179 187 1
12 10 179 188 2
14 4 179 190 1
3 2 180 183 1
4 11 180 193 2
5 13 180 198 3
7 10 180 185 6
9 8 180 182 1
12 5 180 200 2
0 5 181 194 1
2 9 181 192 2
5 15 181 199 4
7 2 181 188 2
11 4 181 185 6
14 7 181 188 3
14 8 181 189 2
15 14 181 185 3
2 14 182 187 1
5 1 182 182 1
3 1 183 197 1
3 15 183 198 3
4 2 183 200 5
7 0 183 191 6
8 4 183 190 1
9 12 184 197 1
13 11 184 191 1
15 7 184 201 2
7 15 185 191 2
11 7 185 190 6
11 8 185 199 5
11 13 185 194 2
13 15 185 200 3
15 9 185 185 3
4 1 186 186 4
4 5 186 190 2
7 9 186 187 1
10 5 186 189 5
13 0 186 206 4
14 13 186 203 1
2 15 187 187 3
10 15 187 199 3
12 7 187 201 4
14 6 187 198 2
0 9 188 193 4
7 4 188 200 3
8 7 188 196 1
9 1 188 194 6
9 4 188 207 5
9 8 188 201 4
14 14 188 193 1
1 8 189 198 1
5 5 189 202 6
6 5 189 194 1
6 7 189 202 4
14 9 189 195 3
4 1 190 202 3
7 5 190 201 4
2 14 191 209 1
8 13 191 201 7
12 15 191 194 2
2 7 192 206 2
5 7 192 197 2
13 7 192 192 1
14 3 192 193 1
15 3 192 195 4
15 11 192 195 4
5 4 193 211 1
6 9 193 194 5
7 6 193 213 1
2 11 194 214 2
5 6 194 196 3
6 11 194 214 4
7 9 194 206 5
7 14 194 210 7
10 4 194 201 3
10 6 194 201 2
1 14 195 206 5
8 10 195 195 3
11 2 195 200 7
2 9 196 216 5
12 13 196 204 1
4 3 197 206 3
9 13 197 212 3
11 3 197 209 4
15 0 197 201 1
3 3 198 213 2
4 12 198 208 2
10 1 198 214 1
0 1 199 207 1
2 0 199 217 3
4 14 199 213 1
5 8 199 201 1
6 1 199 219 1
13 3 199 214 6
0 4 200 214 1
0 15 200 210 5
12 15 200 201 7
13 2 200 201 6
14 3 200 204 4
15 12 200 217 7
0 2 201 206 6
4 6 201 207 3
5 6 201 208 1
6 10 201 203 1
7 3 201 202 4
11 12 201 208 5
13 6 201 201 2
8 11 202 203 6
11 0 202 217 2
5 0 203 205 1
2 8 204 208 2
2 10 204 206 3
11 2 204 214 8
12 5 204 215 2
0 6 205 225 3
1 3 205 217 5
6 9 205 225 1
7 7 205 216 7
15 6 205 222 5
15 10 205 221 2
8 14 206 206 3
10 3 206 218 7
12 6 206 224 1
12 11 206 223 3
1 5 207 211 2
2 7 207 220 2
7 5 207 215 3
0 7 208 211 3
0 13 208 210 4
5 5 208 211 1
6 3 208 218 3
10 12 208 208 5
12 8 208 226 5
14 4 208 224 4
0 14 209 218 3
1 1 209 222 1
2 1 209 214 1
6 2 209 213 8
8 9 209 227 1
12 12 209 213 8
13 11 209 229 4
15 5 209 210 1
0 12 210 215 2
1 13 210 217 4
3 14 210 217 4
8 8 210 224 1
13 1 210 230 3
1 8 211 213 6
5 10 211 223 7
5 14 211 231 6
14 5 211 223 4
15 0 211 223 2
7 15 212 227 7
15 13 212 220 5
3 6 213 230 1
6 14 213 231 5
10 5 213 232 1
10 8 213 222 1
14 8 213 214 3
15 15 213 225 1
1 6 214 219 2
4 8 214 229 5
8 14 214 230 6
1 0 215 215 3
13 3 215 222 1
13 5 215 223 1
13 15 215 227 1
3 0 216 234 6
6 10 216 227 6
11 13 216 223 4
15 8 216 220 6
1 2 217 223 2
2 13 217 235 4
4 11 217 229 2
9 10 217 222 6
12 12 217 228 4
13 9 217 217 5
15 7 217 233 5
5 2 218 228 7
7 11 218 228 8
11 11 218 220 5
15 4 218 219 1
6 6 219 228 6
13 2 219 229 2
15 14 219 237 8
4 1 220 233 7
7 0 220 228 7
9 4 220 234 2
9 7 220 221 6
11 12 220 230 5
0 9 221 230 9
4 15 221 240 2
5 13 221 227 1
7 3 221 230 1
8 11 221 226 4
9 3 221 237 1
10 11 221 225 6
11 9 221 225 4
11 10 221 223 2
14 0 221 227 3
15 1 221 230 5
2 3 222 231 3
6 8 222 224 4
9 1 222 241 1
2 8 223 226 1
4 0 223 227 1
9 13 223 235 8
11 0 223 235 1
12 5 223 229 1
14 11 223 240 4
0 11 224 240 1
1 12 224 240 1
3 10 224 242 6
5 15 224 228 2
7 12 224 238 1
11 5 224 242 2
11 7 224 231 2
15 4 224 226 4
0 12 225 244 2
2 5 225 236 2
8 4 225 235 6
15 0 225 233 6
2 4 226 230 9
2 15 226 230 2
3 2 226 246 7
8 6 226 239 7
12 4 226 228 2
12 7 226 246 2
14 12 226 233 1
3 15 227 227 4
4 7 227 235 1
5 6 227 239 1
9 2 227 247 2
10 2 227 232 7
11 2 227 227 1
13 10 227 240 3
5 10 228 239 1
15 6 228 233 1
7 7 229 232 1
8 15 229 247 3
2 14 230 237 4
12 15 230 236 6
1 0 231 243 8
3 12 231 246 1
9 14 231 231 9
10 14 231 250 1
14 6 231 236 2
14 14 231 240 9
0 7 232 247 7
10 12 232 236 6
11 4 232 249 2
14 13 232 245 1
12 11 233 240 2
0 5 234 243 9
1 6 234 234 1
10 8 234 250 4
11 13 234 248 3
12 4 234 235 4
12 14 234 243 1
13 4 234 240 7
0 9 235 238 3
1 3 235 241 4
1 6 235 241 3
5 1 235 247 2
7 2 235 243 2
8 11 235 241 2
12 5 235 236 1
2 7 236 246 1
5 7 236 250 2
5 13 236 241 2
7 4 236 243 2
7 14 236 247 3
9 0 236 237 1
9 13 236 256 8
11 7 236 256 1
2 9 237 238 3
7 7 237 250 2
9 10 237 251 3
15 10 237 252 2
2 10 238 251 4
6 4 238 243 2
7 9 238 249 2
8 0 238 247 1
9 12 238 242 2
11 9 238 249 6
14 0 238 252 9
0 8 239 245 3
2 2 240 260 1
8 13 240 246 10
10 13 240 258 2
11 1 240 259 5
11 10 240 260 2
14 6 240 242 1
4 9 241 256 1
13 12 241 243 6
15 4 241 257 8
15 7 241 255 7
4 5 242 243 2
7 13 242 262 6
14 7 242 262 4
0 3 243 252 1
8 11 243 254 5
9 8 243 245 3
10 6 243 246 7
10 7 243 258 2
10 9 243 249 5
15 11 243 263 1
0 9 244 244 5
0 13 244 262 9
5 2 244 259 7
6 5 244 261 1
6 14 244 249 1
11 12 244 249 4
15 3 244 254 6
15 14 244 254 2
0 2 245 260 2
3 4 245 248 1
7 10 245 246 4
12 2 245 257 2
13 1 245 262 3
1 3 246 266 1
1 11 246 263 4
12 3 246 254 4
12 4 246 258 3
13 0 246 260 5
14 6 246 256 1
0 10 247 253 3
2 12 247 259 4
6 2 247 261 5
6 15 247 262 4
7 4 247 251 4
7 12 247 255 8
10 15 247 254 1
12 14 247 252 1
14 2 247 254 4
0 5 248 248 1
1 8 248 250 8
8 15 248 248 1
0 9 249 267 9
1 0 249 252 1
3 1 249 260 7
3 15 249 256 5
11 11 249 254 1
12 9 249 269 1
14 9 249 266 8
15 5 249 268 1
1 1 250 260 2
2 1 250 267 3
5 0 250 259 3
5 9 250 253 3
7 11 250 253 3
8 9 250 251 1
11 12 250 263 1
4 0 251 259 1
6 13 251 253 1
14 13 251 269 2
2 15 252 263 7
11 4 252 261 5
13 9 252 265 7
0 5 253 269 1
4 3 253 267 1
4 5 253 254 4
7 6 253 258 8
6 11 254 265 6
9 2 254 268 1
0 11 255 257 1
2 0 255 259 2
2 8 255 267 5
6 1 255 270 5
9 10 255 275 9
1 5 256 261 3
1 7 256 266 1
7 12 256 270 2
8 6 256 270 1
3 0 257 257 4
3 8 257 266 11
4 2 257 259 2
6 3 257 274 6
10 8 257 272 8
0 10 258 266 10
4 14 258 273 6
8 4 258 266 1
12 6 258 265 3
14 6 258 268 1
15 2 258 262 4
0 1 259 279 1
0 4 259 279 6
5 11 259 268 1
7 15 259 267 6
15 13 259 270 2
0 8 260 275 1
3 12 260 262 1
6 6 260 272 3
8 13 260 262 2
15 0 260 279 1
2 12 261 277 8
4 12 261 269 3
9 14 261 265 3
14 11 261 278 3
5 9 262 275 4
8 10 262 267 5
13 12 262 279 2
1 14 263 274 9
3 10 263 263 12
4 11 263 263 5
8 7 263 279 3
0 14 264 272 1
1 2 264 277 9
1 11 264 269 1
8 9 264 273 6
10 14 264 271 11
12 4 264 269 4
13 15 264 269 2
14 12 264 281 5
2 11 265 272 1
10 12 265 276 3
12 3 265 274 8
12 13 265 282 8
13 8 265 275 6
14 15 265 272 1
13 11 266 268 1
15 15 266 268 3
1 8 267 282 5
3 6 267 270 6
10 3 267 277 2
11 4 267 287 6
2 14 268 281 7
3 11 268 282 12
9 5 268 268 2
10 4 268 285 1
10 6 268 274 2
12 0 268 280 1
13 1 268 280 1
13 5 268 283 1
13 10 268 269 4
14 2 268 278 1
14 4 268 281 5
15 8 268 270 10
2 8 269 273 1
11 5 269 280 1
14 9 269 270 1
3 13 270 272 5
5 6 270 270 1
3 6 271 289 1
3 14 271 281 1
7 3 271 288 2
15 15 271 291 8
0 3 272 281 11
1 13 272 281 1
3 0 272 283 4
3 9 272 292 4
7 9 272 284 1
7 15 272 274 1
9 2 272 286 5
10 0 272 287 3
1 4 273 280 1
1 5 273 289 5
4 10 273 286 12
9 0 273 281 10
13 14 273 275 2
14 5 273 293 8
15 12 273 273 9
5 14 274 294 7
7 0 274 279 6
9 7 274 285 4
10 10 274 277 5
0 9 275 282 5
1 12 275 275 10
2 0 275 277 9
3 12 275 289 4
6 5 275 294 10
7 8 275 287 1
8 5 275 288 7
11 1 275 293 7
3 13 276 293 1
4 2 276 291 1
9 8 276 291 2
1 14 277 287 3
6 6 277 289 10
6 12 277 287 11
7 2 277 285 1
10 5 277 293 11
5 15 278 298 1
8 1 278 289 5
12 12 278 285 1
13 7 278 282 2
14 0 278 298 9
14 7 278 280 5
0 12 279 296 6
1 7 279 297 4
2 0 279 290 10
2 15 279 291 1
8 13 279 280 1
10 9 279 292 3
4 3 280 287 13
5 10 280 282 12
6 14 280 295 3
13 8 280 296 7
15 10 280 290 2
11 5 281 283 5
11 6 281 285 2
1 15 282 297 1
2 7 282 289 1
2 9 282 292 3
5 3 282 294 1
9 15 282 298 2
10 1 282 285 11
11 7 282 286 1
14 13 282 298 1
15 4 282 285 1
15 14 282 284 4
0 15 283 303 7
9 5 283 299 2
11 10 283 283 6
14 6 283 288 3
15 7 283 300 13
2 14 284 293 5
4 11 284 297 1
6 8 284 294 13
7 7 284 288 10
7 11 284 297 1
7 14 284 292 10
15 9 284 288 5
0 4 285 289 5
3 5 285 305 3
10 6 285 289 8
14 12 285 288 4
0 6 286 290 3
3 15 286 294 7
8 8 286 297 8
9 4 286 299 1
12 11 286 289 2
15 11 286 298 1
12 15 287 305 5
4 7 288 291 8
6 3 288 295 1
6 12 288 293 1
15 4 288 298 1
1 9 289 305 13
4 14 289 303 1
7 15 289 298 2
8 6 289 308 7
12 1 289 292 4
12 14 289 305 5
2 12 290 308 10
3 4 290 290 4
5 10 290 294 13
7 7 290 306 2
9 3 290 307 5
9 7 290 297 10
12 3 290 304 1
13 2 290 300 1
13 12 290 294 2
5 8 291 300 2
6 11 291 311 14
0 7 292 308 13
4 1 292 310 1
5 0 292 294 3
12 10 292 312 1
14 11 292 302 1
2 5 293 309 5
10 1 293 305 3
0 13 294 313 14
12 6 294 296 2
13 4 294 301 2
15 5 294 296 3
4 6 295 312 2
5 10 295 304 4
9 12 295 314 3
12 9 295 305 6
14 12 295 309 8
15 1 296 309 5
4 9 297 300 11
5 13 297 302 2
7 2 297 311 2
10 2 297 298 5
2 6 298 304 5
6 6 298 315 8
8 13 298 310 1
10 4 298 300 13
12 1 298 317 1
3 6 299 317 3
4 8 299 319 2
4 10 299 311 2
5 7 299 312 6
11 5 299 306 2
13 6 299 314 14
15 4 299 312 5
0 2 300 314 1
9 0 300 313 2
10 8 300 311 14
11 1 300 311 2
4 3 301 313 14
6 3 301 302 3
7 13 301 315 5
8 15 301 304 1
10 4 301 304 5
7 6 302 305 3
7 14 302 308 4
10 11 302 305 2
0 6 303 315 11
1 5 303 303 1
14 15 303 321 7
15 0 303 303 1
15 5 303 305 1
2 2 304 317 6
3 4 304 313 2
6 2 304 320 1
11 15 304 317 3
15 6 304 309 4
0 10 305 324 14
3 11 305 313 13
4 2 305 311 1
5 0 305 324 1
1 8 306 326 11
6 13 306 309 3
8 14 306 312 7
9 8 306 325 3
13 4 306 320 5
13 15 306 316 5
1 9 307 318 2
5 8 307 307 16
13 14 307 310 1
14 6 307 307 2
4 7 308 325 1
7 15 308 309 13
10 0 308 317 3
10 5 308 313 2
12 13 308 320 3
8 9 309 324 7
11 7 309 328 5
13 0 309 323 8
13 11 309 326 6
0 1 310 319 8
3 2 310 310 1
5 5 310 310 4
6 13 310 312 1
7 14 310 315 1
8 4 310 326 2
12 9 310 329 6
14 1 310 313 6
15 1 310 322 7
0 4 311 315 1
1 14 311 328 13
2 6 311 316 7
7 0 311 326 9
8 11 311 314 5
12 0 311 318 3
14 12 311 325 4
15 9 311 311 1
0 14 312 317 1
1 1 312 312 8
3 9 312 329 1
9 2 312 315 2
9 14 312 312 7
11 5 312 325 3
14 3 312 330 1
14 11 312 324 15
2 14 313 321 6
4 9 313 315 2
4 14 313 329 5
6 12 313 328 3
7 5 313 320 3
7 8 313 322 4
11 2 313 315 1
4 13 314 314 15
5 4 314 333 1
7 9 314 319 9
11 4 314 331 10
11 6 314 330 2
12 14 314 331 3
15 8 314 322 3
15 15 314 327 1
0 13 315 334 4
1 13 315 330 1
2 11 315 317 1
5 11 315 317 14
8 5 315 334 14
12 5 315 330 1
2 10 316 321 2
13 9 316 328 3
2 5 317 318 8
13 12 317 323 11
0 4 318 326 13
4 9 318 327 1
5 1 318 338 14
5 2 318 328 2
7 3 318 338 12
9 3 318 320 3
11 10 318 331 12
11 11 318 333 17
14 9 318 332 2
15 10 318 328 14
3 12 319 327 9
4 3 319 329 1
5 6 319 319 9
6 13 319 328 12
8 3 319 331 6
9 7 319 320 1
10 12 319 338 1
11 2 319 323 3
12 7 319 333 3
13 14 319 327 3
6 9 320 323 1
8 13 320 339 2
13 1 320 335 8
15 6 320 320 2
3 1 321 333 1
5 7 321 329 3
8 2 321 330 4
12 10 321 321 6
12 12 321 338 2
12 13 321 329 17
13 15 321 324 5
15 12 321 332 3
7 4 322 333 1
8 10 322 335 15
3 15 323 333 1
6 2 323 334 6
6 7 323 342 2
7 15 323 323 15
1 7 324 334 1
3 3 324 337 15
5 9 324 340 6
7 11 324 324 1
0 7 325 336 14
0 14 325 341 6
7 1 325 330 7
11 13 325 327 5
11 14 325 343 1
13 15 325 343 12
15 11 325 345 1
9 8 326 338 14
10 6 326 339 3
11 5 326 338 4
11 12 326 329 1
12 1 326 346 2
15 1 326 331 1
15 9 326 329 2
0 0 327 327 2
5 8 327 329 4
9 13 327 329 8
14 4 327 327 1
2 8 328 328 2
10 13 328 335 6
14 1 328 344 1
1 11 329 340 14
9 4 329 336 3
15 0 329 339 6
1 1 330 334 1
1 15 330 342 2
3 5 330 339 2
6 11 330 345 8
7 2 330 341 11
11 9 330 347 4
2 2 331 351 3
2 6 331 339 1
4 4 331 335 13
4 10 331 342 12
4 14 331 331 1
8 15 331 332 6
9 10 331 338 2
10 4 331 344 5
13 0 331 343 2
15 9 331 338 2
3 10 332 344 2
4 9 332 344 1
5 11 332 352 12
6 0 332 348 5
9 0 332 348 4
11 8 332 337 1
3 7 333 344 1
3 12 333 351 4
6 4 333 335 1
9 11 333 335 3
12 8 333 344 9
14 7 333 340 2
1 3 334 350 11
2 7 334 353 3
3 1 334 334 4
3 14 334 337 4
6 12 334 353 1
2 12 335 350 4
7 1 335 335 2
8 4 335 345 3
8 11 335 345 18
0 1 336 345 19
3 9 336 346 15
4 3 336 337 1
5 12 336 353 2
7 11 336 354 4
7 13 336 356 2
8 10 336 356 1
8 14 336 356 10
14 0 336 352 14
10 7 337 344 2
12 0 337 351 7
13 1 337 357 9
1 13 338 358 6
4 6 338 349 2
12 15 338 351 1
4 14 339 353 4
5 4 339 340 17
6 6 339 359 1
11 7 339 345 1
5 14 340 347 1
10 2 340 341 2
1 5 341 351 9
5 5 341 361 18
6 3 341 351 7
9 14 341 356 7
10 10 341 351 1
11 3 341 345 5
15 10 341 351 3
0 6 342 343 1
4 2 342 354 1
6 8 342 356 16
10 0 342 344 8
14 2 342 359 1
14 3 342 346 1
15 2 342 353 1
5 0 343 358 1
5 13 343 355 1
7 7 343 345 1
10 15 343 352 20
12 13 343 349 2
13 8 343 348 1
4 3 344 345 7
4 5 344 352 1
7 0 344 346 11
12 2 344 359 9
0 4 345 362 3
9 8 345 346 4
10 6 345 361 10
12 12 345 346 1
3 7 346 347 16
3 8 346 350 5
5 4 346 355 11
9 5 346 364 5
9 6 346 348 1
11 2 346 363 4
12 5 346 350 4
14 14 346 359 17
0 5 347 357 1
4 12 347 366 1
4 15 347 348 12
7 9 347 362 10
14 9 347 358 6
15 3 347 362 21
4 1 348 363 1
4 3 348 350 1
6 2 348 353 2
6 13 348 362 20
8 2 348 359 20
9 12 348 361 5
10 5 348 361 1
1 7 349 366 11
3 6 349 361 9
4 4 349 369 15
12 7 349 366 1
13 14 349 354 9
5 10 350 363 17
11 5 350 354 3
14 5 350 350 1
9 9 351 356 2
10 9 351 359 6
2 1 352 356 13
7 12 352 353 15
8 13 352 365 1
9 6 352 358 2
9 15 352 365 6
14 12 352 353 22
5 2 353 368 1
9 10 353 366 6
14 15 353 368 10
0 15 354 372 20
9 8 354 374 1
11 13 354 361 1
12 1 354 359 10
14 11 354 361 4
2 13 355 362 11
3 11 355 374 20
9 0 355 364 10
13 12 355 368 23
15 13 355 362 3
0 10 356 366 14
3 8 356 358 2
11 12 356 363 13
6 1 357 375 7
6 10 357 360 17
9 9 357 368 11
14 5 357 375 1
15 15 357 370 3
0 8 358 375 5
4 0 358 365 9
7 6 358 364 1
10 14 358 361 1
11 3 358 377 2
11 4 358 359 18
11 9 358 376 6
15 6 358 374 1
7 4 359 376 19
7 10 359 375 13
2 6 360 367 1
8 7 360 379 21
14 13 360 373 14
7 8 361 374 3
9 3 361 361 3
9 7 361 369 2
3 4 362 363 11
3 9 362 368 20
6 15 362 370 18
15 14 362 370 6
6 5 363 367 7
6 11 363 371 22
12 3 363 378 4
14 6 363 376 15
15 10 363 369 3
0 0 364 377 2
4 7 364 377 1
8 14 364 370 2
4 15 365 373 11
9 13 365 379 14
0 1 366 383 1
5 6 366 371 21
5 15 366 384 3
11 14 366 375 16
7 11 367 373 2
9 15 367 369 3
11 12 367 381 2
12 8 368 375 21
12 14 368 373 2
0 13 369 378 1
4 1 369 372 3
13 7 369 369 1
13 11 369 374 2
3 7 370 387 19
3 13 370 376 6
4 3 370 375 1
6 12 370 387 17
7 2 370 380 1
1 11 371 374 10
2 2 371 386 18
4 2 371 371 1
7 6 371 390 24
7 7 371 379 4
8 8 371 371 6
10 7 371 376 2
13 15 371 387 15
15 4 371 390 1
15 7 371 373 15
0 5 372 373 4
1 10 372 374 12
4 10 372 373 6
5 8 372 375 8
0 2 373 378 8
4 8 373 388 6
10 0 373 377 2
10 14 373 390 5
13 1 373 373 5
15 1 373 379 26
11 13 374 391 9
12 10 374 375 19
2 11 375 379 16
4 2 375 382 21
5 0 375 390 10
8 12 375 375 2
11 10 375 375 18
13 2 375 390 2
14 7 375 379 3
2 8 376 394 7
3 1 376 396 1
6 5 376 376 4
8 5 376 394 2
8 8 376 396 13
10 13 376 392 5
13 6 376 377 9
15 14 376 393 2
15 15 376 377 1
0 9 377 383 1
0 12 377 382 5
2 12 377 380 6
6 6 377 382 9
9 7 377 395 4
11 9 377 392 9
14 8 377 392 1
15 9 377 385 1
1 0 378 386 8
4 12 378 389 2
15 0 378 398 1
4 10 379 393 1
5 3 379 393 17
8 3 379 380 27
8 12 379 399 20
14 0 379 395 8
2 6 380 391 3
6 14 380 382 3
7 14 380 395 1
13 11 380 381 2
2 5 381 395 2
2 13 381 397 1
3 9 381 395 13
14 4 381 396 4
2 15 382 395 5
3 13 382 387 3
11 12 382 394 4
11 15 382 402 1
12 6 382 393 9
2 3 383 394 2
2 7 383 401 6
3 10 383 387 26
6 13 383 402 1
8 6 383 399 27
9 8 383 397 3
10 3 383 386 8
11 14 383 398 6
3 5 384 385 1
6 7 384 399 23
6 8 384 403 3
6 14 384 397 18
12 8 384 401 1
0 2 385 399 9
1 7 385 403 2
5 12 385 391 3
5 13 385 403 15
0 8 386 406 10
1 6 386 397 1
13 1 386 390 6
13 10 386 386 3
15 2 386 399 27
0 5 387 391 8
1 13 387 391 8
5 10 387 389 4
8 13 387 405 17
9 15 387 401 3
9 9 388 406 21
13 11 388 396 17
6 2 389 393 3
1 3 390 390 9
3 8 390 402 1
7 8 390 395 3
7 10 390 390 5
9 5 390 397 28
14 6 390 392 20
15 8 390 397 6
12 0 391 404 6
13 1 391 400 1
14 10 391 397 10
15 9 391 404 18
15 13 391 393 10
8 4 392 396 3
2 12 393 396 8
6 0 393 397 1
7 15 393 395 11
8 3 393 395 30
10 0 393 405 11
11 4 393 398 11
12 7 393 403 1
12 12 393 408 1
13 6 393 399 4
13 7 393 404 8
14 2 393 396 3
3 14 394 401 19
4 7 394 404 7
4 11 394 397 4
5 3 394 404 9
5 5 394 406 6
5 14 394 397 14
6 15 394 403 7
9 14 394 404 10
11 13 394 397 3
14 12 394 394 1
1 9 395 403 11
5 9 395 414 5
6 3 395 406 1
13 5 395 395 2
13 12 395 409 12
5 1 396 407 1
7 11 396 401 2
8 1 396 400 1
12 6 396 410 9
13 10 396 405 20
0 14 397 398 23
5 4 397 405 2
7 7 397 403 3
10 13 397 401 28
11 11 397 411 4
12 4 397 406 6
2 0 398 414 29
2 4 398 399 21
3 6 398 399 19
4 2 398 407 7
9 5 398 401 13
9 6 398 411 3
10 3 398 407 14
13 0 398 400 2
14 12 398 415 11
0 12 399 407 1
7 3 399 404 1
10 2 399 417 21
0 11 400 410 3
6 6 400 412 11
10 7 400 413 3
0 0 401 420 3
5 6 401 401 1
6 2 401 417 3
8 1 401 408 20
14 0 401 417 29
14 10 401 417 1
15 15 401 406 1
2 2 402 413 2
4 10 402 409 1
6 9 402 408 7
7 12 402 420 16
8 2 402 420 4
11 8 402 422 7
15 11 402 403 20
10 1 403 403 5
0 2 404 424 17
3 10 404 418 1
5 2 404 414 3
9 15 404 417 6
10 8 404 419 8
14 4 404 407 1
0 4 405 407 3
0 10 405 408 18
3 15 405 417 3
5 6 405 414 1
7 3 405 417 2
7 8 405 419 1
8 3 405 409 4
9 14 405 417 1
10 11 405 424 7
12 15 405 420 27
15 0 405 417 3
2 15 406 425 5
3 6 406 425 24
4 0 406 420 9
5 13 406 419 12
6 5 406 418 5
7 6 406 407 14
9 13 406 424 16
6 13 408 409 10
7 2 408 422 13
8 14 408 415 9
13 3 408 421 1
15 9 408 420 27
15 13 408 416 1
2 9 409 424 5
3 12 409 411 2
3 13 409 412 1
9 8 409 419 1
12 14 409 419 1
2 3 410 410 7
4 15 410 410 29
5 12 410 428 16
13 7 410 413 3
13 15 410 420 29
0 14 411 413 5
1 14 411 425 7
2 3 411 420 3
4 3 411 417 7
7 4 411 431 1
7 5 411 423 5
9 4 411 425 10
9 5 411 429 1
1 11 412 415 4
2 5 412 430 20
2 10 412 431 20
4 1 412 417 2
4 13 412 430 7
14 1 412 427 30
14 3 412 431 33
6 3 413 422 15
6 15 413 427 22
7 7 413 413 2
9 6 413 420 6
9 7 413 423 26
10 6 414 422 1
12 3 414 414 2
12 11 414 434 4
15 1 414 422 1
1 9 415 419 13
3 0 415 433 2
5 0 415 415 2
5 9 415 415 5
13 4 415 417 2
13 9 415 426 22
15 10 415 416 11
1 0 416 418 5
9 11 416 428 9
11 5 416 430 16
11 10 416 428 5
13 13 416 417 18
15 4 416 427 2
15 14 416 435 4
4 2 417 434 2
8 3 417 428 23
9 9 417 435 1
10 9 417 423 3
11 2 417 417 9
11 13 417 418 7
0 13 418 425 5
8 11 418 432 14
10 5 418 428 1
6 0 419 422 8
12 6 419 435 1
13 10 419 420 7
7 1 420 436 35
1 11 421 423 2
4 14 421 431 21
9 15 421 423 17
10 15 421 424 1
11 13 421 423 14
1 1 422 437 18
5 7 422 427 5
9 12 422 424 2
13 11 422 434 4
3 10 423 426 6
6 8 423 433 9
9 1 423 423 6
9 2 423 437 7
10 3 423 433 7
12 9 423 437 7
13 15 423 438 1
14 2 423 433 2
0 14 424 429 33
2 14 424 426 11
3 15 424 436 1
4 8 424 424 9
15 9 424 428 1
0 1 425 428 18
2 12 425 428 13
3 4 425 431 1
5 4 425 442 10
7 0 425 445 3
9 10 425 445 1
1 0 426 428 9
2 11 426 443 11
4 4 426 441 3
4 15 426 431 37
8 6 426 428 1
15 12 426 435 12
0 5 427 447 1
8 4 427 431 6
8 5 427 443 1
11 7 427 440 2
15 11 427 430 20
3 9 428 446 4
5 15 428 441 5
6 5 428 441 1
6 7 428 441 22
11 4 428 443 3
14 11 428 430 3
14 14 428 442 35
7 15 429 445 1
10 11 429 431 32
14 0 429 448 19
3 3 430 431 1
10 5 430 433 2
9 0 431 439 22
12 14 431 433 8
2 6 432 448 2
7 12 432 444 6
8 13 432 439 2
9 8 432 433 23
15 11 432 450 1
11 6 433 435 28
0 3 434 449 9
5 11 434 451 7
8 4 434 443 9
11 13 434 451 21
13 7 434 441 15
1 4 435 455 5
4 3 435 442 1
6 10 435 438 12
11 9 435 442 6
13 3 435 442 12
15 6 435 452 1
5 14 436 440 9
8 9 436 437 32
10 6 436 449 12
11 0 436 443 3
15 3 436 448 13
0 12 437 439 3
2 9 437 442 33
3 12 437 447 4
4 2 437 438 6
4 5 437 442 16
4 8 437 446 6
8 8 437 441 11
10 0 437 444 6
10 8 437 449 3
15 0 437 455 1
15 2 437 455 36
1 9 438 455 4
12 5 438 455 1
14 1 438 458 3
15 1 438 452 4
15 8 438 442 16
2 13 439 451 7
8 12 439 453 4
10 3 439 448 3
1 5 440 444 5
6 15 441 452 22
9 1 441 460 6
9 11 441 457 1
11 5 441 449 13
1 2 442 455 1
1 6 442 446 16
3 15 442 444 2
8 3 442 446 3
9 6 442 443 22
1 12 443 449 1
10 4 443 454 5
5 15 444 452 23
13 7 444 444 2
14 14 444 454 13
15 12 444 446 30
7 7 445 452 4
8 0 445 461 6
11 15 445 464 17
15 13 445 451 9
2 2 446 459 19
2 12 446 451 14
12 6 446 446 5
4 3 447 456 33
4 10 447 458 5
6 9 447 460 2
7 4 447 465 7
7 6 447 462 2
10 9 447 461 6
11 12 447 450 2
3 7 448 450 2
5 5 448 448 18
7 3 448 458 5
1 8 449 457 6
3 1 449 458 7
7 0 449 449 38
8 14 449 458 8
12 4 449 468 25
13 7 449 464 16
5 4 450 451 1
6 3 450 461 26
13 9 450 465 16
14 3 450 457 1
4 15 451 461 3
5 10 451 462 33
9 15 451 457 2
12 1 451 457 1
14 4 451 456 6
15 12 451 467 28
1 6 452 463 1
9 3 452 453 5
11 9 452 461 2
12 12 452 472 5
13 12 452 458 3
15 10 452 468 1
3 8 453 473 26
3 13 453 468 4
4 14 453 461 6
5 4 453 463 43
7 1 453 470 1
11 6 453 457 2
12 14 453 456 22
2 13 454 456 1
7 2 454 460 8
11 2 454 469 1
15 5 454 472 1
6 11 455 465 1
10 10 455 463 4
10 15 455 473 35
14 8 455 473 1
15 9 455 461 3
15 14 456 458 8
0 15 457 475 41
4 9 457 470 4
5 13 457 463 11
8 3 457 469 12
12 14 457 474 5
2 9 458 473 1
2 12 458 476 43
5 15 458 473 2
12 9 458 465 47
13 10 458 474 38
14 6 458 458 14
0 4 459 477 12
0 10 459 467 3
4 8 459 459 19
6 14 459 472 6
2 4 460 463 37
4 8 460 467 14
7 13 460 461 39
8 8 460 468 3
13 13 460 474 37
0 12 461 462 27
6 4 461 465 9
9 13 461 469 30
11 0 461 475 1
14 9 461 474 1
1 1 462 467 2
2 13 462 478 6
3 2 462 473 31
6 9 462 462 8
1 3 463 477 8
1 11 463 469 5
1 14 463 483 26
4 1 463 465 12
6 12 463 465 4
8 4 463 477 23
8 10 463 476 5
14 10 463 477 4
5 12 464 475 30
7 7 464 473 2
9 14 464 468 3
13 4 464 475 12
0 9 465 480 47
2 1 465 484 15
2 10 465 482 2
2 11 465 476 33
4 11 465 470 22
6 10 465 468 6
9 3 465 470 1
15 14 465 485 26
0 8 466 473 15
3 10 466 483 6
6 7 466 485 1
6 12 466 480 33
3 4 467 473 13
6 5 467 485 17
8 7 467 482 46
10 7 467 471 2
3 7 468 486 1
4 0 468 479 51
4 1 468 488 17
1 0 469 486 6
7 5 469 475 35
13 2 469 475 4
15 0 469 485 12
15 13 469 470 9
1 2 470 486 8
1 7 470 471 1
4 15 470 490 11
5 13 470 486 14
8 2 470 476 37
10 10 470 481 1
11 14 470 490 10
13 9 470 475 23
2 4 471 477 7
3 15 471 479 4
4 14 471 483 21
7 15 471 480 1
9 4 471 487 2
9 10 471 488 15
10 6 471 481 13
10 13 471 475 2
12 2 471 482 21
13 11 471 487 7
5 6 472 489 1
15 12 472 489 23
3 5 473 483 1
8 1 473 484 1
11 15 473 475 3
0 7 474 477 4
2 2 474 492 43
3 13 474 481 1
3 14 474 488 2
7 8 474 478 6
7 11 474 486 8
8 0 474 476 17
9 2 474 485 2
9 9 474 478 12
12 5 474 486 29
12 9 474 477 2
13 3 474 483 21
13 15 474 493 36
0 2 475 484 10
0 6 475 475 22
6 14 475 487 3
10 7 475 485 1
12 15 475 475 1
14 4 475 478 1
0 11 476 487 1
7 4 476 491 40
7 9 476 483 5
12 4 476 481 1
13 0 476 487 18
1 1 477 493 16
1 9 477 493 29
3 11 477 489 1
5 1 477 497 7
9 0 477 495 8
3 8 478 478 13
7 14 478 497 2
8 12 478 498 35
11 3 478 481 9
14 1 478 493 1
14 6 478 484 1
0 1 479 493 5
6 2 479 485 2
14 11 479 495 6
15 2 479 481 21
0 3 480 482 24
0 7 480 481 2
1 10 480 483 5
4 5 480 493 19
7 6 480 497 39
10 13 480 482 39
11 2 480 490 19
12 14 480 495 6
14 4 480 487 2
2 11 481 482 1
3 9 481 491 1
4 10 481 486 3
8 2 481 482 3
10 12 481 489 14
14 9 481 483 32
15 4 481 497 52
3 0 482 483 6
5 7 482 498 10
13 13 482 492 8
0 0 483 491 5
8 11 483 498 4
9 11 483 490 2
3 15 484 503 2
4 0 484 492 1
5 4 484 500 40
10 2 484 498 2
0 6 485 503 31
7 9 485 491 7
14 0 485 502 13
15 8 485 504 21
15 15 485 501 5
13 3 486 486 12
13 12 486 506 5
1 3 487 499 17
5 12 487 493 2
7 3 487 492 4
8 0 487 506 10
8 5 487 493 18
8 7 487 489 21
7 2 488 492 50
11 11 488 499 41
11 12 488 505 53
4 3 489 496 8
10 4 489 507 1
11 8 489 499 9
14 4 489 506 14
14 13 489 500 29
10 9 490 509 44
11 1 490 510 4
13 1 490 505 5
3 13 491 506 3
4 7 491 510 1
8 2 491 492 1
9 3 491 502 5
9 15 491 509 7
11 5 491 499 3
11 6 491 507 32
15 11 491 499 18
0 14 492 503 1
3 11 492 495 2
7 4 492 496 3
7 12 492 507 14
9 5 492 510 10
10 5 492 495 38
12 4 492 508 13
12 6 492 511 2
7 8 493 511 6
14 14 493 506 23
15 2 493 501 12
15 7 493 502 21
2 1 494 506 5
6 3 494 505 37
14 6 494 510 19
2 0 495 504 31
2 14 495 512 16
6 1 495 511 1
7 15 495 515 30
8 3 495 498 7
13 15 495 501 2
15 13 495 508 13
0 11 496 498 23
1 15 496 509 17
13 5 496 511 3
13 9 496 501 13
1 1 497 507 18
2 6 497 507 1
3 7 497 515 2
3 11 497 509 5
13 14 497 505 61
6 0 498 498 8
9 11 498 512 4
9 13 498 501 1
12 10 498 499 2
0 10 499 519 8
0 13 499 506 22
1 2 499 518 1
1 5 499 509 4
4 8 499 502 8
7 14 499 507 8
11 3 499 506 3
13 10 499 517 43
15 0 499 511 25
0 9 500 513 15
8 9 500 509 13
10 7 500 515 3
11 0 500 509 7
14 7 500 501 45
2 7 501 509 19
3 10 501 513 19
10 15 501 513 2
15 3 501 518 3
5 8 502 511 1
7 9 502 520 16
6 0 503 516 1
9 7 503 523 5
15 11 503 523 17
2 8 504 508 2
2 9 504 513 10
3 14 504 519 2
4 4 504 511 42
10 11 504 505 12
13 3 504 515 1
13 4 504 523 1
10 8 505 508 8
15 15 505 508 43
4 11 506 508 1
6 2 506 523 26
13 0 506 521 5
0 3 507 513 51
6 10 507 518 7
7 2 507 512 40
7 7 507 517 1
11 10 507 510 11
13 11 507 507 5
4 5 508 514 20
7 4 508 528 8
7 13 508 516 3
11 11 508 519 2
15 4 508 518 2
2 6 509 523 1
2 11 509 526 46
5 14 509 511 22
6 5 509 515 49
9 12 509 529 6
11 14 509 517 21
2 15 510 510 15
4 2 510 510 24
4 9 510 512 50
8 5 510 520 54
11 2 510 516 15
13 12 510 526 5
14 14 510 517 14
10 4 511 528 5
11 5 511 519 2
1 6 512 516 35
4 3 512 528 11
7 14 512 513 36
8 11 512 530 3
10 2 512 517 1
10 13 512 519 2
13 5 512 524 20
1 10 513 528 53
4 4 513 524 3
8 13 513 519 13
11 3 513 528 3
15 8 513 524 2
3 9 514 534 13
7 12 514 521 29
15 10 514 519 1
4 8 515 526 19
5 5 515 534 11
6 11 515 531 53
9 4 515 522 1
12 13 515 533 1
15 1 515 530 14
15 9 515 522 6
5 2 516 517 1
5 14 516 529 42
9 2 516 517 31
11 4 516 525 20
13 7 516 528 1
0 0 517 518 9
0 5 517 523 1
0 13 517 526 2
1 3 517 529 16
2 8 517 520 2
5 12 517 528 13
6 6 517 521 3
10 5 517 535 5
12 9 517 526 14
3 3 518 522 20
3 7 518 534 14
6 14 518 531 22
9 10 518 528 1
1 13 519 529 1
3 5 519 536 5
3 11 519 525 1
8 1 519 537 6
8 12 519 530 37
9 3 519 524 9
9 8 519 528 1
12 14 519 530 6
2 13 520 534 15
4 0 520 540 19
7 2 520 539 14
7 6 520 535 1
7 8 520 534 19
8 8 520 535 2
11 5 520 521 64
11 14 520 526 5
13 8 520 537 8
15 2 520 534 7
5 10 521 537 1
6 1 521 522 3
6 10 521 537 11
7 1 521 534 1
12 10 521 531 1
0 12 522 539 10
1 11 522 525 5
7 5 522 540 1
13 9 522 524 10
2 12 524 525 41
4 5 524 531 4
5 13 524 529 1
12 8 524 536 3
0 8 525 534 2
3 12 525 527 3
11 2 525 540 7
11 12 525 526 2
12 3 525 529 59
15 0 525 544 2
5 0 526 528 7
7 14 526 534 3
11 4 526 530 5
12 0 526 543 30
12 2 526 533 25
14 10 526 535 2
14 15 526 540 40
12 7 527 529 2
14 12 527 538 6
1 8 528 542 5
3 8 528 536 11
12 11 528 539 22
1 6 529 543 1
2 9 529 549 3
3 0 529 532 2
9 10 529 538 20
9 15 529 543 6
11 3 529 529 8
15 8 529 530 10
15 13 529 546 6
1 13 530 535 3
3 1 530 536 4
5 11 530 531 4
6 5 530 542 3
7 15 530 538 6
11 3 530 545 2
0 13 531 543 5
2 1 531 537 3
7 13 531 550 29
10 10 531 540 1
15 15 531 544 5
1 0 532 534 2
15 10 532 534 44
4 5 533 535 10
4 11 533 551 9
13 4 533 548 18
15 5 533 541 61
1 1 534 544 28
3 14 534 535 6
8 2 534 542 5
14 7 534 544 1
5 14 535 553 15
6 1 535 537 15
6 8 535 538 25
9 0 535 536 27
10 7 535 553 1
14 2 535 546 66
1 14 536 546 17
2 5 536 553 22
9 8 536 549 27
8 7 537 545 12
8 12 537 555 1
9 7 537 548 41
9 11 537 550 1
10 4 537 537 8
10 6 537 543 5
11 5 537 538 34
1 2 538 548 1
2 3 538 540 3
4 9 538 545 15
4 15 538 549 2
7 6 538 550 5
14 13 538 543 7
1 15 539 545 1
13 15 539 551 2
15 8 539 542 44
2 11 540 555 5
5 9 540 555 29
6 14 540 554 13
14 0 540 547 2
0 1 541 543 4
4 7 541 552 14
5 12 541 542 3
8 10 541 559 1
12 12 541 550 29
0 6 542 556 17
4 10 542 558 3
5 0 542 559 2
9 5 542 551 1
10 4 542 550 1
15 7 542 544 5
5 5 543 561 4
7 15 543 547 84
9 2 543 548 1
10 12 543 562 16
11 2 543 554 8
11 14 543 552 23
12 14 543 562 62
15 12 543 562 1
4 14 544 548 12
5 2 544 564 1
5 11 544 558 56
7 11 544 549 70
9 3 544 548 1
11 1 544 544 2
13 3 544 554 15
13 13 544 550 1
0 2 545 558 41
3 4 545 558 5
4 1 545 565 70
9 1 545 551 70
10 8 545 548 19
12 1 545 547 14
2 6 546 553 41
3 1 546 562 5
3 10 546 552 1
4 6 546 557 2
6 7 546 557 30
7 4 546 565 5
0 1 547 563 55
0 9 547 560 11
1 8 547 553 9
3 2 547 554 62
9 0 547 560 24
12 15 547 567 6
15 9 547 551 63
15 13 547 551 1
1 6 548 566 3
3 7 548 548 1
12 8 548 564 1
13 11 548 548 16
14 10 548 567 1
3 13 549 551 8
6 9 549 556 1
10 1 549 569 2
10 15 549 566 6
12 2 549 559 52
15 1 550 556 1
8 11 551 570 1
9 4 551 568 1
12 10 551 556 7
14 1 551 559 7
12 5 552 564 8
14 0 552 565 2
1 4 553 553 5
1 12 553 555 3
6 10 553 567 2
7 2 553 554 40
9 7 553 571 38
10 8 553 567 10
11 7 553 553 36
2 8 554 570 1
3 5 554 571 6
3 8 554 570 49
6 11 554 561 2
6 12 554 573 3
7 9 554 574 1
9 14 554 563 12
9 15 554 558 1
0 7 555 558 11
5 14 555 575 7
7 13 555 575 10
11 12 555 559 23
4 4 556 574 1
5 1 556 559 2
7 8 556 574 3
12 11 556 557 6
0 12 557 566 1
4 5 557 563 53
10 0 557 562 5
3 6 558 560 5
3 11 558 566 2
3 13 558 570 3
13 13 558 567 1
5 4 559 574 35
9 10 559 576 2
11 5 559 561 23
14 8 559 572 7
12 13 560 566 10
0 9 561 566 2
1 2 561 562 6
1 11 561 573 12
4 10 561 573 12
7 0 561 572 3
7 5 561 565 40
8 7 561 572 3
8 14 561 567 28
11 8 561 575 6
14 2 561 579 7
15 3 561 569 13
3 6 562 578 32
8 5 562 582 3
13 15 562 578 19
1 13 563 580 1
1 14 563 572 59
3 2 563 579 1
6 9 563 569 85
7 11 563 569 1
8 0 563 571 22
11 12 563 570 18
1 8 564 580 2
4 3 564 579 43
4 7 564 577 2
14 9 564 568 23
0 8 565 585 91
1 1 565 569 27
2 10 565 579 5
3 0 565 574 1
3 7 565 585 49
5 13 565 568 7
6 4 565 576 4
10 10 565 581 2
13 10 565 574 19
14 3 565 583 22
0 2 566 566 1
1 0 566 566 16
7 1 566 578 58
9 12 566 582 17
1 4 567 574 35
5 7 567 578 2
8 1 567 570 16
8 8 567 567 96
1 5 568 572 1
9 1 568 588 7
0 2 569 579 92
0 4 569 575 3
2 6 569 577 15
7 15 569 582 10
8 15 569 579 10
9 3 569 581 1
10 9 569 584 10
5 9 570 572 6
7 2 570 584 91
8 8 570 574 1
13 2 570 583 9
13 7 570 590 62
13 14 570 581 17
14 9 570 576 2
15 7 570 585 21
4 0 571 585 9
11 0 571 590 6
2 12 572 576 17
3 14 572 581 1
5 13 572 575 2
1 2 573 584 4
6 13 573 580 71
7 7 573 582 19
15 3 573 585 3
4 9 574 587 80
7 14 574 580 1
8 7 574 587 2
12 8 574 585 2
13 13 574 586 27
15 2 574 578 7
0 10 575 579 15
6 2 575 590 1
6 9 575 591 86
11 10 575 587 2
11 12 575 579 25
12 10 575 576 1
14 8 575 580 31
1 10 576 584 2
9 7 576 582 8
14 1 576 593 18
0 5 577 583 44
1 3 577 593 84
5 6 577 586 6
6 7 577 577 1
6 14 577 595 1
10 4 577 593 5
12 12 577 590 56
2 0 578 585 3
10 2 578 593 48
10 15 578 598 4
1 0 579 587 18
5 15 579 584 6
7 8 579 594 105
8 6 579 581 2
10 6 579 579 2
6 5 580 582 6
6 12 580 593 21
7 13 580 593 2
8 13 580 587 11
13 4 580 594 39
0 12 582 586 55
9 4 582 587 38
13 0 582 599 21
1 13 583 598 10
2 4 583 590 6
5 9 583 601 3
2 5 584 596 7
5 2 584 587 1
11 7 584 603 1
14 12 584 592 19
1 1 585 597 1
1 12 585 595 71
4 14 585 600 42
8 2 585 591 4
0 5 586 604 8
2 8 586 593 68
9 3 586 586 10
14 14 586 606 15
1 5 587 599 2
1 6 587 599 7
2 0 587 598 5
6 0 587 602 1
9 0 587 588 2
13 12 587 605 3
14 4 587 606 5
15 3 587 590 2
5 2 588 608 1
7 12 588 595 73
9 11 588 605 1
15 10 588 595 14
3 15 589 595 16
4 6 589 609 42
5 5 589 596 6
7 9 589 602 13
8 9 589 603 22
10 1 589 605 63
11 10 589 590 6
15 4 589 606 65
3 13 590 598 38
5 3 590 590 31
6 5 590 596 14
6 13 590 590 105
10 12 590 609 2
15 14 590 597 25
8 14 591 606 5
0 2 592 611 26
0 3 592 597 12
0 13 592 595 1
5 12 592 594 4
15 13 592 597 113
1 0 593 603 51
6 3 593 602 47
8 5 593 602 2
2 15 594 603 19
7 1 594 603 3
7 3 594 614 21
7 6 594 601 103
11 12 594 612 5
13 2 594 600 1
14 12 594 594 53
8 11 595 614 1
9 4 595 608 2
13 1 595 614 2
0 1 596 615 3
5 11 596 612 3
9 6 596 616 71
9 9 596 599 2
11 5 596 612 1
13 6 596 597 33
15 12 596 608 1
3 9 597 600 4
3 12 597 612 6
5 7 597 616 9
5 13 597 608 1
6 4 597 602 8
9 3 597 598 54
10 3 597 610 4
12 6 597 608 1
15 1 597 617 26
15 6 597 602 7
13 7 598 600 33
14 12 598 605 31
15 2 598 598 8
0 9 599 607 15
0 11 599 618 17
15 9 599 600 2
15 10 599 606 9
1 5 600 606 114
2 14 600 601 1
13 15 600 615 16
15 5 600 602 11
0 14 601 601 1
3 0 601 621 1
12 11 601 616 1
14 0 601 614 22
1 2 602 602 17
3 10 602 617 104
4 8 602 616 36
4 12 602 616 9
8 8 602 612 16
13 11 602 615 18
0 15 603 603 45
4 4 603 603 23
4 5 603 610 3
5 8 603 607 68
15 3 603 609 4
11 7 604 616 3
14 10 604 605 6
15 14 604 605 1
4 15 605 617 7
5 14 605 619 1
6 0 605 619 1
10 6 605 624 36
11 13 605 622 15
14 11 605 622 39
15 2 605 617 2
5 10 606 622 3
9 2 606 622 6
13 9 606 624 17
14 13 606 620 79
2 8 607 626 37
4 7 607 623 79
7 15 607 610 4
10 7 607 627 10
10 13 607 620 1
2 4 608 621 103
5 8 608 609 80
11 3 608 626 2
15 13 608 625 8
1 2 609 613 80
3 15 609 615 15
5 0 609 610 2
8 7 609 628 11
9 8 609 627 17
0 4 610 617 5
5 5 610 628 71
5 6 610 610 4
6 13 610 617 33
7 8 610 622 39
9 15 610 621 14
12 1 610 610 4
14 4 610 618 9
4 14 611 625 1
6 12 611 627 21
10 3 611 626 3
10 12 611 629 3
14 15 611 627 35
15 0 611 613 4
7 10 612 621 19
8 15 612 616 62
9 0 612 627 12
9 4 612 629 11
10 10 612 631 4
14 12 612 623 10
0 14 613 631 2
3 11 613 626 88
5 11 613 619 47
11 5 613 614 126
13 3 613 617 28
14 3 613 613 11
14 6 613 633 3
0 3 614 627 25
7 14 614 631 125
11 1 614 628 3
1 10 615 621 11
2 1 615 615 15
5 15 615 615 1
8 13 615 624 84
0 5 616 628 1
0 15 616 622 20
1 7 616 623 1
8 1 616 632 2
12 2 616 628 19
15 9 616 616 5
1 12 617 626 38
4 13 617 628 2
9 1 617 629 25
0 9 618 633 38
4 8 618 620 3
8 9 618 619 19
13 11 618 618 4
15 10 618 623 87
4 0 619 636 81
7 12 619 631 1
4 1 620 629 4
7 6 620 628 3
14 5 620 630 124
0 10 621 625 2
6 7 621 634 10
8 11 621 637 1
10 9 621 631 25
3 12 622 634 6
8 4 622 624 6
13 13 622 634 128
15 8 622 641 27
3 9 623 630 56
6 6 623 632 1
6 15 623 633 142
7 4 623 639 4
8 8 623 638 28
11 2 623 632 62
12 9 623 629 1
14 7 623 630 8
15 11 623 633 7
3 7 624 642 2
4 11 624 630 14
5 3 624 636 67
5 4 624 632 3
5 6 624 634 38
12 10 624 637 1
13 4 624 632 91
13 15 624 626 10
15 4 624 634 90
15 12 624 627 8
1 7 625 641 61
5 11 625 637 3
11 8 625 633 1
11 11 625 633 4
12 12 625 641 104
14 4 625 642 2
9 3 626 630 9
9 12 626 646 138
10 2 626 633 37
13 8 626 626 6
14 1 626 628 56
14 12 626 634 9
15 6 626 626 26
3 4 627 627 140
4 4 627 647 12
8 3 627 636 1
1 3 628 643 2
3 13 628 646 21
7 3 628 628 38
7 5 628 638 10
10 0 628 634 2
12 0 628 644 1
12 8 628 634 10
13 11 628 631 17
0 6 629 647 1
2 7 629 635 19
4 15 629 631 1
5 2 629 629 53
11 5 629 644 21
12 11 629 646 5
0 5 630 646 4
2 6 630 638 80
2 14 630 645 79
4 9 630 646 11
8 15 630 636 103
12 15 630 632 23
0 0 631 644 9
1 12 631 647 2
3 14 631 642 6
14 7 631 632 122
15 9 631 648 9
6 2 632 643 23
6 12 632 638 6
7 7 632 647 71
7 11 632 647 4
7 12 632 648 12
7 15 632 634 9
9 4 632 641 19
14 5 632 641 32
15 0 632 652 119
2 9 633 650 8
5 8 633 633 34
7 3 633 651 8
13 9 633 645 1
13 10 633 639 114
0 8 634 644 2
4 5 634 651 88
5 5 634 648 23
5 12 634 638 1
12 4 634 647 3
13 2 634 643 22
10 5 635 654 2
14 15 635 650 17
15 5 635 639 10
15 13 635 654 2
3 0 636 648 6
4 13 636 649 4
5 7 636 651 1
8 14 636 643 21
10 7 636 646 67
12 1 636 654 14
15 11 636 640 17
0 10 637 645 53
4 6 637 647 12
7 0 637 644 4
7 8 637 655 5
10 3 637 651 89
0 13 638 638 127
6 5 638 654 107
3 2 639 641 2
5 9 639 644 79
6 4 639 640 7
9 3 639 645 1
10 9 639 641 20
15 3 639 647 37
15 12 639 658 1
5 15 640 640 2
9 10 640 640 1
10 2 640 641 84
10 15 640 656 19
12 5 640 646 9
13 7 640 655 3
15 14 640 656 27
1 15 641 655 2
4 1 641 644 5
5 15 641 645 60
7 9 641 660 24
11 15 641 644 20
13 0 641 660 4
13 15 641 643 2
14 9 641 657 17
1 0 642 652 2
3 15 642 644 2
7 14 642 649 1
1 14 643 649 13
11 4 643 662 80
13 12 643 652 15
14 6 643 657 11
15 6 643 654 3
1 8 644 646 52
3 4 644 652 5
7 1 644 653 5
0 1 645 659 4
2 3 645 651 4
4 14 645 653 139
7 2 645 647 27
7 5 645 656 6
10 14 645 660 19
14 7 645 660 84
0 8 646 647 52
1 4 646 653 7
9 1 646 648 16
3 9 647 662 51
4 1 647 653 1
15 15 647 661 155
3 11 648 657 5
8 11 648 667 72
13 10 648 667 29
14 2 648 665 46
3 10 649 656 10
5 8 649 656 3
5 12 649 658 5
10 10 649 664 1
2 8 650 663 67
5 11 650 657 13
8 8 650 663 5
15 1 650 664 4
2 7 651 667 5
7 2 651 659 135
8 3 651 651 8
12 6 651 665 7
13 4 651 662 45
13 5 651 668 1
13 15 651 662 12
14 4 651 656 130
0 4 652 661 9
2 10 652 672 8
3 7 652 658 172
8 2 652 672 1
8 5 652 666 2
8 7 652 665 80
11 1 652 661 55
11 6 652 657 7
12 8 652 657 16
15 4 652 661 49
0 5 653 658 8
1 6 653 666 1
1 11 653 659 60
1 14 653 662 4
2 3 653 656 35
8 13 653 659 2
9 5 653 665 4
11 7 653 655 126
13 11 653 659 2
15 11 653 653 5
12 12 654 671 38
13 14 654 667 2
14 14 654 672 1
5 13 655 672 1
9 4 655 656 36
9 7 655 669 17
9 9 655 659 66
12 9 655 658 118
1 0 656 663 132
2 14 656 668 56
3 8 656 675 101
6 10 656 665 2
7 15 656 667 17
9 1 656 661 8
9 8 656 662 43
9 12 656 667 1
12 10 656 672 98
14 3 656 675 3
1 1 657 668 51
2 1 657 660 2
4 0 657 659 4
4 13 657 657 3
9 15 657 671 6
14 1 657 661 5
15 13 657 676 37
0 6 658 671 30
0 10 658 658 58
2 4 658 678 32
6 7 658 663 54
7 8 658 664 36
7 12 658 662 12
15 7 658 677 1
2 12 659 677 105
3 5 659 675 47
7 1 659 661 1
10 11 659 660 52
11 13 659 662 1
0 10 660 671 144
0 14 660 661 1
3 2 660 670 2
5 0 660 661 6
7 11 660 662 15
15 12 660 678 25
0 0 661 671 5
9 3 661 664 62
9 4 661 662 3
11 9 661 666 170
13 8 661 675 1
15 10 661 666 1
9 1 662 681 1
11 12 662 682 84
12 2 662 668 2
15 3 662 670 133
0 5 663 671 1
1 2 663 675 7
4 4 663 671 134
4 13 663 683 1
9 11 663 682 37
10 2 663 682 2
14 7 663 674 2
14 8 663 671 44
3 4 664 666 94
4 9 664 677 1
11 7 664 668 15
13 6 664 670 10
14 1 664 670 1
15 0 664 668 78
3 3 665 676 114
8 10 665 670 3
13 3 665 680 37
0 4 666 680 34
0 8 666 684 22
1 8 666 667 3
1 14 666 682 5
2 2 666 675 15
3 11 666 682 3
3 15 666 679 2
10 8 666 675 70
14 9 666 667 33
4 6 667 677 146
6 0 667 670 61
9 14 667 669 7
10 5 667 676 57
15 5 667 681 6
2 9 668 684 29
4 11 668 669 8
7 0 669 673 53
8 9 669 677 46
10 4 669 671 148
12 13 669 671 22
2 14 670 671 177
3 4 670 670 1
6 5 670 687 3
8 1 670 674 174
14 15 670 670 131
1 11 671 690 4
8 6 671 684 84
9 12 671 672 14
15 6 671 676 1
1 0 672 682 163
3 13 672 688 25
5 5 672 689 68
9 6 672 685 106
11 11 672 681 109
12 14 672 672 2
14 1 672 684 1
4 3 673 678 206
6 2 673 678 16
11 6 673 679 1
13 13 673 676 41
0 2 674 677 12
3 9 674 692 124
4 11 674 684 3
4 12 674 683 16
8 13 674 681 6
4 7 675 677 2
5 13 675 683 1
7 7 675 678 168
8 3 675 685 27
10 12 675 677 1
13 11 675 684 7
14 7 675 691 5
3 12 676 681 195
12 3 676 680 2
13 14 676 684 2
14 5 676 679 7
1 4 677 678 12
6 14 677 688 10
10 15 677 681 1
1 8 678 693 3
9 10 678 689 1
11 2 678 698 64
6 8 679 698 198
13 13 679 691 1
9 13 680 681 6
10 10 680 686 12
14 12 680 692 17
15 0 680 690 4
0 1 681 698 29
3 7 681 683 1
4 14 681 685 77
6 0 681 693 131
6 4 681 688 1
11 1 681 688 3
11 4 681 701 3
11 13 681 689 7
1 5 682 692 16
2 3 682 701 67
4 10 682 693 6
8 13 682 695 145
9 1 682 702 2
10 4 682 698 2
0 7 683 694 108
0 12 683 690 118
2 1 683 695 15
3 4 683 701 7
3 6 683 691 85
6 12 683 685 102
15 10 683 684 2
1 0 684 688 2
2 12 684 701 1
7 1 684 698 23
7 5 684 697 204
8 1 684 696 3
10 6 684 692 2
11 6 684 697 6
2 10 685 689 2
5 13 685 689 32
9 3 685 685 165
0 9 686 697 220
0 15 686 704 67
2 8 686 705 34
2 9 686 701 2
7 11 686 696 45
10 2 686 698 63
1 4 688 707 3
3 7 688 697 1
3 10 688 707 3
4 9 688 698 18
4 14 688 688 37
9 6 688 696 77
10 15 688 697 26
11 7 688 688 17
11 9 688 699 7
13 3 688 705 4
13 5 688 692 4
13 14 688 690 116
7 4 689 692 1
10 9 689 694 193
3 2 690 702 14
3 12 690 694 18
5 10 690 694 23
6 9 690 693 176
7 9 690 691 180
13 9 690 690 10
2 14 691 709 5
6 13 691 701 43
7 3 691 700 11
8 5 691 699 2
0 4 692 711 1
0 5 692 708 1
1 10 692 706 126
6 1 692 707 178
11 0 692 697 1
11 12 692 712 110
11 14 692 697 11
12 6 692 695 36
13 0 692 692 6
14 9 692 706 35
14 10 692 698 8
1 12 693 707 177
2 13 693 709 2
3 3 693 700 2
4 13 693 706 3
5 11 693 709 41
6 12 693 707 8
7 0 693 696 173
9 13 693 699 1
12 12 693 698 111
15 14 693 713 13
6 14 694 711 10
12 0 694 701 2
12 14 694 714 240
13 5 694 697 13
15 5 694 705 1
1 2 695 696 42
1 13 695 701 11
8 0 695 703 8
8 3 695 715 10
8 8 695 704 1
11 5 696 700 3
15 8 696 710 9
15 15 696 703 15
0 12 697 714 9
4 1 697 700 3
5 3 697 699 3
5 7 697 703 34
8 10 697 712 243
10 1 697 711 8
13 2 697 697 244
3 11 698 710 1
3 12 698 705 90
8 4 698 705 61
12 13 698 710 1
13 0 698 705 5
4 6 699 701 121
5 9 699 708 50
9 15 699 715 1
12 6 699 706 137
13 12 699 704 29
2 0 700 714 13
5 13 700 717 1
6 2 700 702 26
13 1 700 718 32
13 15 700 716 9
14 2 700 706 2
15 1 700 704 19
15 13 700 711 6
0 2 701 715 19
6 4 701 707 93
7 13 701 711 1
10 12 701 707 213
2 15 702 703 15
4 15 702 715 6
5 4 702 708 119
8 12 702 702 137
12 4 702 712 6
0 13 703 714 7
1 3 703 711 1
9 5 703 716 12
0 6 704 724 72
3 9 704 707 14
4 9 704 705 22
5 14 704 711 113
6 10 704 705 2
7 4 704 706 5
8 2 704 722 4
9 1 704 716 178
4 12 705 724 46
7 0 705 720 21
8 14 705 723 1
3 13 706 711 2
5 5 706 726 28
7 7 706 720 3
8 12 706 717 8
11 0 706 724 199
12 2 706 710 1
15 1 706 712 2
1 11 707 724 5
3 12 707 720 1
11 13 707 709 242
15 11 707 711 3
1 8 708 727 9
3 9 708 713 6
8 15 708 724 94
9 12 708 724 242
12 9 708 721 4
14 4 708 717 4
2 5 709 712 81
11 3 709 714 2
11 4 709 721 10
11 11 709 710 104
15 0 709 715 51
15 5 709 716 1
0 8 710 714 1
1 7 710 714 7
1 9 710 724 69
4 0 710 712 1
4 6 710 728 1
6 7 710 713 107
12 15 710 718 77
13 0 710 720 257
13 7 710 713 34
15 12 710 728 143
0 14 711 730 33
3 2 711 722 22
10 15 711 713 4
12 7 711 720 14
14 2 711 712 1
2 7 712 717 1
6 0 712 719 14
10 9 712 725 16
13 2 712 723 3
14 12 712 732 127
1 10 713 717 2
2 14 713 728 5
3 10 713 726 242
12 0 713 725 2
13 14 713 731 4
14 5 713 713 255
14 15 713 729 102
1 12 714 720 78
6 5 714 732 6
8 9 714 717 7
9 7 714 714 22
10 3 714 714 118
3 3 715 730 11
4 10 715 719 17
8 8 715 722 20
12 11 715 723 7
4 3 716 716 3
5 0 716 730 3
5 14 716 735 3
7 1 716 728 23
14 13 716 727 65
10 7 717 724 164
14 11 717 725 3
5 8 718 733 2
6 8 718 721 33
7 10 718 725 2
8 0 718 728 3
14 10 718 729 24
15 2 719 720 177
15 11 719 724 119
11 9 720 733 38
13 10 720 726 7
2 6 721 728 4
2 15 721 722 1
3 14 721 725 141
5 9 721 739 35
5 13 721 737 254
6 11 721 731 1
6 12 721 726 245
7 15 721 725 68
8 4 721 732 11
13 4 721 725 139
13 5 721 738 10
15 5 721 724 1
0 5 722 741 2
0 13 722 722 24
2 0 722 726 26
5 4 722 733 35
8 12 722 735 75
15 1 722 739 164
3 2 723 726 5
3 13 723 730 184
5 2 723 724 28
9 6 723 733 2
10 3 723 725 35
13 3 723 731 26
14 9 723 738 194
0 3 724 728 4
2 10 724 731 34
5 7 724 731 1
8 9 724 735 20
0 15 725 728 9
7 8 725 733 40
9 7 725 729 7
12 12 725 727 6
0 2 726 744 1
2 4 726 744 15
4 15 726 739 5
7 4 726 738 1
8 2 726 735 5
11 8 726 730 22
11 12 726 736 189
13 8 726 744 27
14 11 726 728 14
0 4 727 739 2
2 12 727 745 7
3 4 727 739 1
3 14 727 730 16
6 12 727 731 27
9 12 727 743 254
14 14 727 736 28
9 9 728 738 22
12 15 728 733 2
14 7 728 738 80
2 6 729 747 179
3 9 729 734 6
9 15 729 743 1
12 1 729 734 13
14 4 729 742 61
15 0 729 740 14
2 5 730 733 31
4 3 730 734 3
4 7 730 731 22
8 10 730 740 32
10 10 730 735 285
11 3 730 736 1
11 13 730 735 5
12 9 730 747 1
2 2 731 738 12
3 7 731 732 33
4 1 731 736 1
4 10 731 749 19
9 4 731 734 37
11 7 731 733 1
6 13 732 736 4
6 15 732 747 2
11 11 732 752 196
13 15 732 743 22
14 13 732 749 215
1 9 733 747 8
3 13 733 738 4
6 0 733 748 61
6 1 733 745 58
10 15 733 745 144
14 6 733 750 1
15 3 733 742 17
1 13 734 746 2
6 5 734 739 26
7 0 734 743 231
10 8 734 754 6
0 1 735 748 1
4 2 735 753 2
12 3 735 745 3
12 4 735 745 58
13 2 735 755 12
14 1 735 742 21
15 13 735 740 96
0 15 736 754 172
2 3 736 742 231
5 5 736 738 24
7 11 736 746 41
9 7 736 739 15
10 0 736 741 1
11 1 736 751 100
5 0 737 754 7
8 14 737 737 10
12 8 737 749 217
14 2 737 747 182
7 10 738 749 33
8 0 738 753 190
8 14 738 747 29
0 10 739 754 119
0 14 739 740 71
1 5 739 743 186
6 4 739 759 87
2 11 740 753 2
4 11 740 751 201
7 15 740 760 10
5 10 741 744 1
6 9 741 755 2
9 8 741 742 13
9 13 741 747 1
15 0 741 758 3
0 4 742 746 5
0 5 742 762 324
4 3 742 750 83
8 15 742 754 24
12 6 742 742 22
3 9 743 763 50
5 14 743 746 2
7 9 743 743 82
8 2 743 746 60
11 6 743 755 99
15 9 743 760 2
15 14 743 745 1
4 0 744 763 4
4 8 744 752 135
5 2 744 763 278
11 3 744 744 54
13 3 744 763 30
13 5 744 761 114
0 13 745 763 21
3 5 745 765 36
5 1 745 750 7
13 8 745 753 2
13 9 745 746 11
15 5 745 751 1
15 2 746 757 130
2 12 747 755 310
5 12 747 765 2
5 14 747 762 4
7 7 747 755 16
1 6 748 757 70
10 3 748 759 126
10 10 748 756 9
12 3 748 760 3
0 12 749 758 2
1 9 749 762 1
3 14 749 753 45
6 15 749 763 4
6 3 750 754 245
9 4 750 755 229
11 10 750 752 2
2 0 751 753 1
13 14 751 771 24
14 1 751 756 56
14 2 751 752 34
14 11 751 754 5
1 11 752 767 24
12 2 752 769 1
11 2 753 768 2
12 15 753 769 3
15 6 753 767 60
15 8 753 770 6
9 12 754 761 14
11 4 754 765 14
14 5 754 756 32
15 7 754 770 14
0 3 755 765 7
7 8 755 757 8
7 10 755 758 146
13 9 755 768 2
14 4 755 760 64
4 14 756 773 157
9 2 756 762 5
10 7 756 774 46
10 8 756 775 294
13 4 756 765 2
3 1 757 759 1
5 13 757 767 22
13 0 757 770 7
0 14 758 759 77
6 12 758 770 2
8 14 758 760 18
9 6 758 777 23
11 15 758 770 302
14 2 758 774 123
15 14 758 776 266
0 4 759 776 8
6 14 759 775 4
7 4 759 760 1
10 14 759 761 4
12 6 759 773 115
14 11 759 772 305
3 2 760 779 31
7 9 760 760 1
7 13 760 779 73
10 4 760 763 1
13 7 760 767 5
13 11 760 762 1
13 13 760 775 39
14 8 760 780 68
1 0 761 773 156
1 14 761 778 4
8 14 761 764 239
10 6 761 761 5
11 14 761 779 106
12 7 761 762 88
15 3 761 763 312
2 1 762 769 303
2 14 762 762 55
4 6 762 765 3
8 1 762 767 98
8 11 762 767 5
14 7 762 774 5
14 9 762 767 353
1 5 763 764 19
3 14 763 775 31
8 2 763 776 27
11 0 763 769 175
14 13 763 767 1
0 1 764 783 5
6 2 764 771 22
9 8 764 765 10
9 10 764 768 14
10 6 764 773 17
15 1 764 773 344
1 7 765 778 101
3 3 765 766 9
5 9 765 781 13
8 9 765 770 177
11 1 766 784 170
13 12 766 782 8
1 8 767 781 108
2 10 767 769 57
3 5 767 780 7
3 13 767 770 141
6 1 767 784 1
7 8 767 771 29
7 11 767 778 2
7 15 767 776 9
14 0 767 773 1
15 13 767 778 1
1 5 768 771 3
7 12 768 773 18
9 13 768 786 3
0 8 769 773 3
6 10 769 783 1
6 11 769 771 290
6 13 769 782 5
5 14 771 777 9
6 3 771 783 9
6 9 771 790 31
12 1 771 774 7
1 1 772 789 2
3 8 772 774 12
7 1 772 780 32
7 8 772 792 51
8 4 772 786 8
9 11 772 781 97
0 6 774 779 238
1 10 774 778 11
2 10 774 776 281
4 2 774 783 97
8 12 774 780 266
9 9 774 779 28
13 0 774 778 69
1 4 775 785 2
10 11 775 783 52
11 3 775 782 309
12 0 775 776 1
13 1 775 790 1
13 4 775 788 420
14 0 775 784 391
14 7 775 793 1
2 14 776 785 28
3 14 776 789 367
6 14 776 795 192
9 3 776 784 2
10 15 776 776 20
11 15 776 795 1
12 13 776 794 2
14 3 776 780 66
14 10 776 777 52
0 5 777 789 2
6 4 777 789 4
10 3 777 780 16
15 7 777 779 73
0 14 778 793 251
5 12 778 779 1
5 13 778 781 32
8 10 778 778 105
11 5 778 780 5
14 1 778 781 2
1 11 779 782 45
4 7 779 795 30
9 4 779 790 66
11 2 779 786 6
13 6 779 781 72
15 3 779 780 105
2 6 780 793 89
4 8 780 795 11
8 0 780 790 5
9 5 780 780 3
11 9 780 799 2
15 4 780 785 1
0 4 781 794 1
1 3 781 792 170
1 6 781 783 193
8 8 781 791 312
11 6 781 789 219
2 11 782 790 107
3 0 782 802 162
3 9 782 797 13
7 6 782 792 10
8 14 782 794 6
14 11 782 798 353
1 14 783 803 1
5 11 783 803 1
8 5 783 794 8
11 8 783 790 222
12 10 783 788 2
14 4 783 794 3
0 12 784 795 4
1 11 784 800 132
4 1 784 802 3
10 1 784 798 49
10 7 784 801 109
13 0 784 788 16
13 11 784 804 5
15 0 784 803 74
1 10 785 786 111
14 10 785 794 27
0 13 786 797 255
2 12 786 804 5
4 6 786 801 1
5 6 786 805 136
11 0 786 796 1
11 1 786 788 2
13 6 786 793 1
3 10 787 805 4
15 11 787 804 223
1 13 788 800 35
8 2 788 789 58
8 4 788 790 2
10 5 788 794 2
12 12 788 792 1
14 5 788 797 128
1 2 789 801 14
3 1 789 802 232
9 0 789 795 434
10 3 789 796 121
11 10 789 794 43
0 9 790 808 261
7 2 790 805 1
7 3 790 802 16
9 11 790 800 18
10 13 790 791 28
15 5 790 790 16
15 13 790 790 1
4 15 791 801 16
1 8 792 809 4
9 5 792 792 357
11 5 792 797 224
3 7 793 806 1
4 13 793 807 9
9 4 793 804 4
11 1 793 805 36
11 6 793 793 26
6 6 794 796 9
10 10 794 799 82
2 6 795 814 40
4 11 795 799 290
6 15 795 805 6
0 15 796 799 2
13 7 796 803 6
0 8 797 816 29
1 1 797 810 2
5 5 797 800 1
7 1 797 798 3
12 10 797 808 138
1 9 798 805 1
3 5 798 801 1
8 9 798 799 5
8 11 798 810 113
8 12 798 798 10
10 6 798 810 1
10 12 798 807 9
12 14 798 801 1
3 15 799 803 49
9 10 799 818 59
15 1 799 816 109
15 14 799 816 436
2 2 800 817 5
2 10 800 812 168
4 4 800 803 1
5 1 801 816 12
10 8 801 812 117
14 5 801 820 17
14 8 801 806 454
0 0 802 815 241
3 8 802 805 56
13 14 802 802 510
3 14 803 805 39
6 10 803 821 17
7 0 803 812 6
11 11 803 820 55
0 13 804 808 42
2 5 804 822 2
5 12 804 805 1
5 15 804 812 21
8 3 804 805 1
10 4 804 819 2
14 15 804 804 81
1 6 805 818 8
2 9 805 824 1
3 12 805 812 75
4 2 805 811 1
6 5 805 813 151
8 4 805 815 60
11 4 805 808 2
11 9 805 820 97
14 1 805 811 229
3 6 806 806 3
3 10 806 812 122
5 13 806 813 1
8 7 806 814 1
13 14 806 826 3
14 13 806 819 32
2 12 807 816 112
9 3 807 823 55
14 8 807 808 2
5 4 808 816 493
2 4 809 811 271
8 13 809 828 7
11 2 809 810 245
13 1 809 817 355
6 14 810 816 5
8 8 810 817 2
15 9 810 826 115
0 2 811 828 83
1 0 811 811 2
4 13 811 812 195
10 10 811 827 13
10 13 811 823 8
11 4 811 822 509
12 6 811 820 112
12 11 811 825 8
13 4 811 816 10
15 0 811 811 24
1 12 812 824 471
2 0 812 814 141
8 12 812 815 91
11 10 812 817 1
15 2 812 821 2
15 12 812 830 62
3 3 813 813 8
3 13 813 826 366
12 4 813 823 11
12 7 813 821 181
13 13 813 831 341
15 11 813 817 10
0 10 814 824 45
5 13 814 827 2
9 11 814 818 16
11 1 814 816 128
14 3 814 825 4
4 5 815 823 6
12 12 815 815 165
0 0 816 821 4
0 6 816 828 105
4 15 816 835 47
6 8 816 830 21
7 3 816 817 63
1 14 817 827 179
2 6 817 826 367
4 7 817 830 90
8 12 817 836 207
11 1 817 829 425
13 5 817 836 16
14 14 817 828 14
15 10 817 832 2
1 7 818 830 9
1 8 818 830 32
9 8 818 823 293
15 14 818 831 35
2 12 819 835 66
2 15 819 829 157
11 14 819 824 56
12 15 819 829 29
15 5 819 830 4
8 10 820 834 3
11 2 820 839 2
11 6 820 838 18
0 5 821 825 344
1 15 821 821 33
6 4 821 840 22
10 2 821 827 259
12 12 821 835 2
13 6 821 822 3
14 9 821 830 515
0 0 822 822 1
2 2 822 824 165
3 12 822 830 1
5 1 822 834 12
12 0 822 834 62
13 0 822 828 71
3 3 823 835 26
4 10 823 837 4
9 13 823 827 152
11 13 823 837 50
11 15 823 826 6
13 4 823 838 40
0 0 824 842 2
0 12 824 828 27
5 15 824 829 336
7 2 824 837 58
11 4 824 826 173
12 6 824 842 124
14 6 824 844 363
2 2 825 831 22
3 5 825 841 15
14 1 825 830 7
14 8 825 837 18
15 1 825 834 97
4 8 826 838 398
5 14 826 831 166
8 5 826 840 43
10 3 826 840 199
12 1 826 844 18
13 15 826 829 6
14 4 826 831 79
4 12 827 831 21
6 11 827 843 3
7 12 827 828 5
12 3 827 832 11
9 1 828 846 225
5 5 829 846 5
7 7 829 829 5
8 7 829 839 7
13 10 829 836 103
13 12 829 831 17
15 15 829 837 276
9 11 830 843 51
12 10 830 850 46
13 14 830 839 128
14 3 830 836 100
4 0 831 836 8
7 11 831 843 138
1 3 832 844 33
1 6 832 832 7
5 14 832 842 511
6 14 832 840 166
8 3 832 844 35
9 8 832 832 5
15 2 832 839 3
2 11 833 848 34
5 7 833 849 162
14 0 833 852 11
14 4 833 847 9
10 2 834 844 74
13 2 834 836 1
1 10 835 836 26
4 1 835 850 115
6 15 835 835 10
9 13 835 843 46
11 3 835 841 569
11 4 835 845 54
14 5 835 835 1
0 1 836 847 556
2 6 836 850 371
5 15 836 837 2
14 11 836 849 302
14 15 836 837 1
3 0 837 844 29
11 11 837 841 187
13 5 837 840 448
15 12 837 854 584
2 3 838 844 230
6 1 838 854 182
7 5 838 852 514
8 15 838 841 415
11 14 838 855 39
4 2 839 853 439
7 3 839 850 8
9 6 839 849 1
12 3 839 839 100
3 13 840 849 255
4 9 840 850 242
8 14 840 846 2
9 12 840 856 1
13 12 840 855 5
15 7 840 860 514
7 14 841 846 149
8 1 841 854 19
8 6 841 842 1
11 10 841 850 2
13 11 841 843 9
4 3 842 857 1
4 12 842 850 29
11 11 842 854 5
13 0 842 849 64
0 8 843 863 1
2 4 843 852 383
7 8 843 846 485
10 7 843 848 7
11 8 843 851 2
4 5 844 862 49
5 15 844 845 476
8 0 844 844 74
8 5 844 854 311
8 7 844 864 167
10 9 844 855 95
13 4 844 856 4
0 2 845 850 5
2 2 845 852 512
3 5 845 852 144
4 10 845 864 130
8 10 845 850 3
12 9 845 859 1
13 1 845 851 7
15 0 845 852 3
0 7 846 858 7
3 0 846 855 1
3 4 846 856 61
4 0 846 847 4
7 1 846 847 70
9 7 846 863 2
10 11 846 851 104
4 13 847 863 1
7 11 847 855 5
12 13 847 861 28
14 6 847 857 30
3 10 848 866 3
8 8 848 854 5
9 1 848 856 444
9 14 848 862 3
11 9 848 851 31
13 3 848 861 14
14 8 848 863 5
14 12 848 851 6
15 6 848 866 707
5 1 849 865 101
7 9 849 857 286
8 11 849 851 51
1 6 850 861 46
7 8 850 863 5
9 9 850 865 134
10 2 850 850 36
14 14 850 858 9
15 5 850 852 21
3 6 851 856 463
4 1 851 871 3
9 3 851 865 1
2 6 852 853 12
4 6 852 866 439
11 4 852 868 608
4 8 853 856 278
6 0 853 866 57
9 8 853 871 91
13 14 853 864 46
3 9 854 855 153
8 2 854 859 22
9 10 854 871 1
10 4 854 872 319
12 3 854 867 11
2 2 855 856 7
5 0 855 873 3
14 10 855 863 43
1 15 856 871 26
4 2 856 868 241
5 2 856 860 8
6 8 856 872 10
13 15 856 868 30
14 3 856 856 17
2 0 857 872 8
5 8 857 858 118
10 12 857 873 445
10 13 857 860 85
10 14 857 875 48
13 13 857 866 15
1 7 858 859 297
7 12 858 861 109
8 0 858 862 3
13 6 858 869 10
14 15 858 861 26
0 3 859 878 182
1 10 859 860 163
2 7 859 874 311
5 9 859 866 86
5 12 859 863 5
11 8 859 867 1
2 5 860 866 212
3 5 860 880 310
14 12 860 867 32
0 7 861 868 360
3 3 861 865 28
3 8 861 874 27
4 0 861 880 59
10 9 861 863 53
12 5 861 881 1
13 10 861 880 153
1 11 862 874 481
3 7 862 864 24
7 3 862 873 228
8 13 862 863 228
9 13 862 866 11
9 15 862 862 51
15 12 862 866 6
1 3 863 869 147
4 12 863 875 592
7 15 863 883 3
11 7 863 866 33
11 15 863 878 83
12 1 863 871 487
12 15 863 880 8
15 3 863 876 7
2 15 864 865 170
4 4 864 880 1
4 9 864 864 16
4 13 864 870 4
12 11 864 865 2
15 13 864 878 7
6 5 865 879 122
6 10 865 868 35
8 3 865 884 427
9 1 865 884 5
15 15 865 875 5
1 8 866 871 112
9 6 866 874 2
12 14 866 871 661
15 4 866 879 127
7 11 867 879 2
12 7 867 878 2
13 0 867 868 5
13 4 867 885 15
1 7 868 874 10
1 12 868 888 1
7 9 868 868 524
8 12 868 881 3
0 10 869 880 164
1 14 869 887 160
3 6 869 887 17
7 4 869 869 11
7 9 869 873 2
0 1 870 872 3
1 1 870 885 63
2 9 870 872 1
3 10 870 872 127
3 15 870 889 93
4 8 870 875 5
9 4 870 888 3
10 7 870 889 664
14 2 870 878 19
15 0 870 876 27
15 9 870 880 6
0 0 871 886 198
0 7 871 877 21
13 3 871 872 799
0 11 872 876 567
4 15 872 874 248
6 6 872 886 282
6 9 872 890 513
10 9 872 877 1
3 3 873 887 1
11 3 873 878 1
12 4 873 875 10
15 6 873 875 40
0 4 874 883 52
7 0 874 874 4
8 5 874 888 1
10 6 874 881 1
10 12 874 877 3
0 14 875 876 211
6 10 875 877 4
7 5 875 876 49
9 14 875 881 15
13 13 875 881 816
14 6 875 889 20
0 12 876 879 51
0 15 876 888 110
2 7 876 877 1
8 9 876 883 5
1 9 877 884 7
7 12 877 896 1
8 7 877 888 5
13 7 877 889 161
4 5 878 879 5
4 9 878 883 7
5 0 878 879 3
7 4 878 885 60
9 11 878 878 2
2 2 879 883 4
2 14 879 899 13
8 2 879 897 1
9 10 879 887 5
10 14 879 888 211
13 3 879 882 1
13 14 879 889 51
13 15 879 892 111
2 6 880 891 291
4 14 880 896 2
12 14 880 889 5
0 8 881 885 194
2 5 881 891 2
6 11 881 886 764
8 6 881 890 1
8 13 881 896 20
2 3 882 883 1
3 12 882 882 5
8 4 882 893 5
8 8 882 887 101
9 2 882 899 39
11 7 882 890 109
15 9 882 898 1
0 5 883 903 1
2 11 883 898 156
11 5 883 892 2
12 10 883 902 24
14 5 883 899 364
2 2 884 889 135
10 9 884 889 658
10 13 884 885 16
12 2 884 886 155
5 15 885 902 73
9 5 885 891 70
11 15 885 901 11
14 10 885 901 155
15 6 885 894 216
4 2 886 902 76
5 1 886 893 800
5 13 886 888 3
9 9 886 905 373
10 4 886 890 440
15 11 886 904 12
0 12 887 887 23
11 0 887 903 4
2 8 888 907 551
8 3 888 892 17
8 11 888 902 35
8 15 888 897 612
13 12 888 908 2
0 2 889 890 16
0 4 889 898 101
0 10 889 905 108
5 3 889 907 189
5 11 889 909 27
6 6 889 890 12
6 7 889 897 95
7 13 889 896 427
1 11 890 897 901
3 15 890 899 172
5 5 890 907 140
10 7 890 890 4
1 0 891 901 1
7 3 891 895 37
12 13 891 906 3
6 2 892 894 20
6 14 892 896 1
8 6 892 908 70
11 11 892 893 1
0 7 893 913 10
1 15 893 905 54
3 3 893 908 607
5 6 893 896 376
5 9 893 908 65
9 14 893 900 643
11 12 893 908 356
13 15 893 905 1
1 12 894 909 5
3 4 894 904 2
11 10 894 905 565
0 8 895 901 17
6 5 895 909 1
9 15 895 900 75
10 4 895 899 164
12 9 895 911 154
15 0 895 910 19
2 3 896 910 15
4 13 896 896 4
6 3 896 897 308
6 10 896 903 25
7 2 896 910 10
7 15 896 903 837
9 10 896 903 1
11 13 896 915 283
13 8 896 900 16
14 2 896 903 1
15 14 896 916 3
6 2 897 913 119
9 5 897 905 326
11 2 897 909 330
11 9 897 901 3
12 7 897 917 1
12 11 897 915 3
14 13 897 897 10
8 15 898 909 8
14 15 898 912 766
1 9 899 906 2
4 10 899 903 298
9 6 899 905 1
12 12 899 903 483
13 1 899 903 7
14 3 899 903 88
6 6 900 909 537
7 4 900 902 3
10 0 900 906 33
10 4 900 911 1
11 3 900 911 833
9 1 901 909 155
9 7 901 920 4
14 5 901 911 403
15 8 901 903 316
13 4 902 917 100
8 2 903 909 1
4 5 904 915 141
13 7 904 916 20
1 10 905 919 10
2 2 905 910 1
2 11 905 919 15
3 0 905 913 8
5 12 905 905 5
6 15 905 921 64
8 4 905 909 44
10 2 905 916 2
11 7 905 910 33
9 9 906 921 32
14 9 906 925 71
14 11 906 912 66
4 6 907 910 6
5 1 907 923 143
5 14 907 909 216
6 11 907 915 99
8 13 907 927 43
9 5 907 922 31
10 1 907 914 1
10 15 907 927 1
15 7 907 924 37
15 9 907 909 152
1 3 908 910 6
1 4 908 925 1
1 13 908 926 48
2 15 908 912 19
3 7 908 920 21
7 4 908 926 16
7 7 908 924 70
12 6 908 925 234
14 12 908 912 1
3 12 909 915 121
3 13 909 923 218
9 3 909 929 839
0 8 910 925 7
5 3 910 929 4
5 10 910 910 444
10 0 910 929 714
10 3 910 926 117
11 12 910 921 80
14 0 910 911 160
14 2 910 914 188
1 1 911 915 10
5 12 911 923 3
8 8 911 924 42
11 5 911 920 41
15 15 911 912 422
0 2 912 927 1
1 2 912 923 95
4 0 912 923 461
14 8 912 915 96
0 3 913 929 218
0 13 913 924 20
0 14 913 930 603
3 11 913 918 32
7 14 913 920 5
10 5 913 924 38
11 7 913 927 2
11 14 913 933 46
12 4 913 927 16
14 7 913 929 9
0 9 914 929 89
0 15 914 934 1
1 3 914 930 75
2 13 914 928 4
6 5 914 928 132
9 8 914 921 3
9 13 914 918 597
10 8 914 927 142
11 0 914 930 160
13 0 914 932 32
7 11 915 931 512
8 7 915 916 3
2 7 916 935 31
3 6 916 916 23
5 9 916 936 7
11 1 916 931 142
12 5 916 917 2
13 1 916 919 31
14 5 916 934 143
15 10 916 932 30
1 15 917 929 787
3 14 917 917 41
6 1 917 928 456
11 2 917 922 2
11 11 917 930 1
2 0 918 921 34
3 6 918 937 41
8 1 918 938 265
11 15 918 922 40
1 12 919 932 19
6 8 919 921 1047
7 3 919 926 171
8 4 919 928 28
1 7 920 920 4
3 5 920 940 291
10 4 920 937 120
11 9 920 938 185
0 10 921 929 2
4 5 921 924 834
5 4 921 938 26
0 0 922 929 142
2 2 922 942 1024
6 14 922 929 8
7 6 922 940 4
7 9 922 924 45
10 13 922 939 528
11 12 922 932 5
13 2 922 929 132
2 12 923 928 1
2 15 923 937 157
3 4 923 939 52
4 11 923 925 10
5 10 923 924 3
8 11 923 934 40
13 3 923 931 1055
15 6 923 941 1
15 13 923 923 103
1 5 924 929 27
6 10 924 930 37
7 5 924 937 95
10 14 924 936 425
0 13 925 925 168
8 12 925 931 1
9 9 925 942 1
9 10 925 945 605
12 13 925 935 72
6 8 926 943 26
0 1 927 937 5
4 11 927 938 1143
5 2 927 942 320
8 5 927 946 12
12 1 927 941 1
13 8 927 945 1
14 13 927 945 10
6 11 928 941 3
12 11 928 944 6
0 6 929 930 16
2 6 929 941 445
8 10 929 942 467
10 11 929 941 9
14 2 929 937 49
15 8 929 931 6
1 15 930 942 1
3 2 930 938 241
10 0 930 942 151
12 4 930 946 11
13 6 930 950 19
3 12 931 951 1
4 7 931 948 1
5 7 931 945 122
11 6 931 942 7
11 10 931 944 396
0 9 932 940 21
3 8 932 951 1
8 7 932 939 5
13 4 932 939 242
1 12 933 935 1
4 8 933 950 140
7 8 933 948 30
14 1 933 939 11
14 6 933 942 21
4 4 934 939 257
4 10 934 935 30
10 9 934 951 79
1 8 935 952 6
1 9 935 941 2
1 10 935 954 130
3 13 935 953 690
13 14 935 947 1135
0 15 936 937 50
6 13 936 953 62
11 1 936 951 14
2 14 937 940 2
6 0 937 943 30
8 2 937 948 5
11 0 937 937 293
15 1 937 955 13
2 3 938 943 39
2 4 938 946 752
4 0 938 951 211
5 5 938 939 33
7 0 938 947 326
7 10 938 940 188
9 2 938 950 2
10 4 938 947 101
14 10 938 943 44
13 1 939 952 272
5 10 940 942 4
8 3 940 946 250
9 1 940 942 4
3 7 942 953 8
6 6 942 948 825
10 11 942 955 4
12 1 942 945 1
12 6 942 956 425
14 3 942 958 675
14 12 942 945 1
3 3 943 943 3
9 7 943 950 47
13 13 943 962 1
2 3 944 948 421
2 8 944 954 1
6 4 944 949 187
7 2 944 964 50
7 15 944 955 111
8 11 944 948 176
10 7 944 949 4
0 15 945 964 2
1 5 945 953 875
3 9 945 956 685
9 0 945 959 55
1 12 946 956 61
5 15 946 947 38
11 10 946 949 194
4 14 947 949 316
9 8 947 956 93
11 6 947 956 40
14 4 947 952 2
0 11 948 957 495
3 2 948 951 59
8 1 949 951 4
14 9 949 965 32
14 13 949 958 145
2 10 950 962 3
3 1 950 968 5
4 9 950 950 334
5 10 950 950 20
7 10 950 961 10
11 5 950 969 74
11 10 950 951 402
2 6 951 960 306
2 15 951 951 34
9 14 951 953 132
12 4 951 952 4
15 2 951 971 25
15 9 951 955 871
4 6 952 964 209
5 7 952 964 7
8 2 952 961 254
12 15 952 965 1
13 0 952 955 5
13 4 952 960 275
13 11 952 959 1
4 15 953 968 21
4 4 954 954 2
6 7 954 956 46
12 1 954 955 2
14 14 954 963 849
1 2 955 963 55
1 5 955 958 10
2 15 955 975 1117
3 11 955 969 2
6 4 955 972 87
8 9 955 964 184
1 8 956 958 1442
1 10 956 967 3
2 1 956 976 45
2 8 956 958 14
6 3 956 970 12
6 9 956 957 8
6 15 956 969 177
10 3 956 970 2
10 8 956 956 265
13 0 956 963 780
14 7 956 956 39
14 10 956 974 2
4 5 957 964 12
5 8 957 958 106
5 14 957 970 7
8 5 957 976 438
8 15 957 957 15
10 8 957 957 25
1 7 958 973 240
3 12 958 959 5
12 8 958 970 51
14 7 958 974 881
15 14 958 960 948
2 4 959 979 316
10 15 959 977 17
0 14 960 972 4
5 5 960 961 1
6 13 960 974 21
11 10 960 967 315
11 15 960 961 12
13 5 960 978 1
15 1 960 965 281
1 3 961 966 7
3 5 961 975 37
7 9 961 975 213
10 13 961 973 5
11 9 961 965 164
13 12 961 967 6
5 9 962 965 177
11 12 962 978 6
13 6 962 976 274
1 15 963 983 3
3 0 963 974 24
4 12 963 963 18
6 5 963 983 11
6 9 963 981 11
6 14 963 967 23
8 14 963 974 157
9 5 963 980 9
13 7 963 964 90
6 11 964 983 233
7 14 964 978 85
9 8 964 964 1
13 1 964 976 5
8 4 965 976 129
9 8 965 972 4
11 2 965 971 34
5 11 966 980 1017
10 0 966 971 106
4 1 967 985 151
11 0 967 976 312
14 4 967 976 25
15 5 967 969 6
0 2 968 979 220
3 14 968 979 120
5 2 968 984 97
5 9 968 973 908
5 15 968 974 16
8 15 968 978 4
11 7 968 970 16
2 5 969 970 335
5 7 969 986 21
8 11 969 971 1
9 4 969 978 16
6 10 970 978 1
9 6 970 971 30
13 12 970 988 272
0 3 971 986 626
1 4 971 975 817
3 15 971 990 7
11 9 971 977 168
15 7 971 983 345
0 1 972 985 3
2 2 972 988 25
2 3 972 986 772
8 7 972 980 1635
9 7 972 990 156
9 12 972 978 28
12 7 972 992 1
12 14 972 985 58
13 14 972 974 1
14 12 972 991 1
0 6 973 978 18
1 11 973 993 1
5 3 973 975 319
6 15 973 992 48
9 3 973 988 477
13 15 973 976 1
14 6 973 989 233
15 6 973 985 4
15 9 973 986 10
1 2 974 985 190
7 0 974 990 4
12 9 974 984 15
15 8 974 991 3
0 13 975 995 1
5 13 975 988 42
8 11 975 980 1000
11 4 975 983 9
12 15 975 977 3
15 0 975 989 13
15 10 975 989 2
1 3 976 982 17
6 7 976 979 33
11 13 976 985 5
12 12 976 979 345
14 3 976 994 70
0 11 977 981 1199
4 3 977 979 8
7 5 977 997 1
7 6 977 977 1077
15 14 977 996 24
4 13 978 987 36
7 11 978 993 126
9 6 978 989 4
10 9 978 984 12
10 10 978 988 12
11 2 978 991 1
3 9 979 981 2
6 13 979 996 88
7 9 979 998 27
11 7 979 983 5
1 13 980 982 187
4 3 980 992 8
4 15 980 993 3
6 3 980 985 3
8 8 980 990 633
9 8 980 984 163
11 0 980 991 263
15 11 980 991 704
5 9 981 997 2
7 1 981 986 584
10 6 981 995 1
12 15 981 991 11
2 1 982 997 90
3 11 982 991 473
4 12 982 990 75
6 7 982 988 1
7 13 982 993 909
15 2 982 982 15
0 0 983 998 6
0 9 983 988 20
1 9 983 985 1
1 10 983 985 15
2 14 983 986 481
2 15 983 984 81
5 4 983 996 111
3 12 984 995 60
4 6 984 987 43
4 10 984 998 398
8 0 985 991 8
9 14 985 991 357
13 14 985 994 3
5 1 986 998 960
5 15 986 992 17
6 8 986 992 428
13 6 986 987 105
15 5 986 999 449
0 1 987 995 1204
3 5 987 987 21
4 0 988 999 35
5 6 988 996 1568
10 8 988 995 188
11 3 988 989 1371
13 7 988 994 42
10 0 989 998 87
10 14 989 995 523
12 6 989 995 6
14 14 989 996 142
4 6 990 992 29
7 6 990 999 2
9 2 991 996 30
10 9 991 995 79
1 13 992 992 8
5 2 992 993 1927
8 2 992 994 2
14 0 993 996 297
5 11 995 998 1
3 9 996 998 639
4 15 996 998 128
4 13 997 997 5
15 3 999 999 84
