16 5000 1000
3 11 0 11 1
8 13 0 9 1
11 9 0 0 1
12 11 0 17 1
13 9 0 11 1
1 4 1 3 1
2 3 1 6 1
4 4 1 17 1
8 12 1 16 1
11 2 1 19 1
11 9 1 5 1
7 5 2 20 1
14 12 2 16 1
1 8 3 20 1
2 7 3 7 1
5 2 3 13 1
12 5 3 14 1
1 14 4 22 1
3 5 4 4 1
3 10 4 19 1
5 14 4 18 1
7 10 4 12 1
9 1 4 23 1
0 7 5 23 1
2 1 5 7 1
7 12 5 5 1
8 3 5 16 1
9 2 5 25 1
9 3 5 12 1
9 11 5 19 1
10 3 5 14 1
13 7 5 10 1
6 3 6 7 1
6 12 6 9 1
8 0 6 11 1
0 6 7 18 1
7 0 7 27 1
11 1 7 11 1
0 10 8 10 1
1 13 8 15 1
7 12 8 25 1
8 15 8 9 1
10 14 8 12 1
14 4 8 23 1
14 6 8 26 1
15 2 8 26 2
2 13 9 13 1
3 13 9 26 1
3 4 10 15 1
3 8 10 11 1
9 7 10 22 1
1 2 11 21 1
14 7 11 13 2
0 0 12 32 1
9 13 13 22 1
10 7 13 30 1
12 13 13 22 1
12 15 13 26 1
13 6 13 23 1
14 9 13 17 1
1 7 14 15 1
3 15 14 20 1
6 15 14 16 1
8 1 14 33 1
11 15 14 21 1
14 13 14 14 1
1 4 15 31 1
2 0 15 22 1
2 15 15 23 2
7 4 15 19 1
7 10 15 15 1
10 9 15 15 1
10 10 15 23 2
12 9 15 15 2
0 14 16 22 1
10 0 16 33 1
10 4 16 17 1
11 6 16 27 1
14 11 16 18 1
15 1 16 34 1
2 4 17 31 2
2 12 17 31 1
4 1 17 24 1
7 11 17 36 1
9 5 17 36 1
15 8 17 17 1
0 11 18 28 1
8 6 18 33 1
8 11 18 24 1
9 10 18 35 1
0 13 19 38 1
6 9 19 24 1
7 7 19 19 1
12 1 19 30 1
13 2 19 28 1
3 10 20 25 1
4 14 20 32 1
5 6 20 33 1
13 5 20 34 1
13 7 20 35 1
3 7 21 30 1
8 15 21 34 1
5 1 22 25 1
7 1 22 35 2
4 4 23 30 2
4 13 23 39 1
6 0 23 35 1
7 8 23 26 1
10 2 23 43 1
11 1 23 35 1
11 14 23 36 1
5 5 24 25 1
6 4 24 43 1
10 6 24 31 1
10 13 24 39 1
11 7 24 32 1
15 15 24 27 1
0 5 25 38 1
0 10 25 30 1
3 0 25 32 1
3 9 25 30 1
1 7 26 27 1
2 2 26 40 2
2 3 26 39 2
8 0 26 33 1
11 8 26 27 2
4 11 27 35 1
6 1 27 36 1
8 8 27 32 2
12 2 27 40 1
13 15 27 29 1
14 11 27 43 1
14 14 27 29 1
15 2 27 44 1
0 4 28 35 1
1 3 28 36 1
10 14 28 34 1
11 4 28 41 1
4 15 29 30 1
5 7 29 44 1
9 13 29 46 1
11 5 29 33 1
4 10 30 34 1
5 4 30 48 1
7 4 30 49 1
9 14 30 44 1
11 2 30 49 2
13 12 30 32 1
14 2 30 40 1
15 12 30 49 1
1 1 31 35 2
4 5 31 37 1
6 13 31 37 2
6 14 31 39 1
10 3 31 48 1
11 8 31 42 1
0 3 32 52 1
5 14 32 45 1
6 10 32 49 1
7 3 32 52 1
10 8 32 35 2
4 1 33 53 1
6 7 34 40 1
8 8 34 41 1
5 1 35 51 1
9 7 35 37 1
11 0 35 35 1
11 13 35 52 1
1 12 36 53 1
8 10 36 43 2
10 9 36 39 1
12 4 36 56 1
12 12 36 56 1
15 7 36 43 1
0 14 37 54 1
6 0 37 38 2
13 1 37 54 1
2 0 38 54 1
3 3 38 44 1
4 11 38 40 1
5 11 38 54 1
9 2 38 43 1
9 3 38 38 2
14 5 38 51 1
15 1 38 38 1
0 11 39 55 1
0 12 39 56 1
7 15 39 57 1
11 6 39 42 2
14 4 39 56 1
15 3 39 48 2
15 6 39 46 1
0 1 40 43 1
0 9 40 51 1
1 10 40 53 1
3 6 40 52 1
7 7 40 56 2
9 5 40 40 1
14 0 40 45 1
15 11 40 51 2
15 14 40 46 1
2 4 41 61 1
6 5 41 56 1
7 14 41 43 1
8 12 41 57 1
10 13 41 61 1
12 0 41 47 2
14 15 41 41 2
4 14 42 61 2
9 8 42 52 1
13 8 42 49 2
14 1 42 54 2
15 0 42 43 2
15 1 42 53 2
4 13 43 57 1
13 7 43 59 1
15 10 43 60 1
2 15 44 51 1
7 12 44 60 1
9 2 44 63 2
10 0 44 46 2
3 3 45 46 2
3 4 45 61 1
3 5 45 49 1
7 14 45 52 2
8 15 45 62 2
12 1 45 50 1
12 3 45 58 2
12 13 45 64 1
1 9 46 55 1
5 5 46 52 1
8 9 46 62 2
13 14 46 53 2
15 9 46 50 1
0 1 47 49 1
6 0 47 56 1
10 1 47 53 1
5 15 48 61 2
6 4 48 64 2
8 10 48 62 1
10 2 48 65 1
11 3 48 52 1
13 15 48 50 2
4 6 49 69 1
4 9 49 69 1
6 6 49 69 1
6 8 49 66 1
0 0 50 69 1
0 8 50 58 2
2 2 50 60 1
9 4 50 54 1
14 15 50 66 1
15 7 50 63 1
7 9 51 63 1
8 13 51 51 1
2 7 52 61 1
5 10 52 65 1
10 11 52 65 1
11 2 52 64 1
13 3 52 53 1
14 9 52 71 1
5 14 53 68 1
7 3 53 56 1
9 11 53 65 1
10 3 53 63 2
10 14 53 56 2
15 6 53 57 1
0 6 54 73 2
3 9 54 56 1
3 11 54 70 1
7 14 54 57 1
12 11 54 60 2
13 4 54 61 1
14 8 54 56 2
1 13 55 59 2
2 14 55 63 1
6 2 55 68 1
7 11 55 71 1
10 7 55 73 2
0 14 56 69 2
4 7 56 65 1
5 4 56 59 1
5 7 56 74 1
8 1 56 66 1
8 14 56 73 2
11 13 56 63 1
12 1 56 58 1
15 0 56 71 1
1 8 57 57 1
2 1 57 71 1
3 14 57 60 1
7 8 57 69 2
10 4 57 75 1
12 9 57 72 1
14 6 57 70 2
0 10 58 66 2
0 11 58 74 1
4 13 58 63 2
5 11 58 75 1
6 15 58 63 1
12 4 58 68 2
13 5 58 65 2
13 11 58 58 2
13 14 58 76 2
1 6 59 77 1
6 13 59 64 1
7 6 59 75 1
8 8 59 61 1
9 15 59 70 1
12 6 59 66 2
14 3 59 71 2
2 9 60 72 1
3 1 60 73 1
3 13 60 63 2
8 6 60 80 1
9 3 60 69 1
0 8 61 81 2
2 3 61 62 1
2 6 61 65 1
7 4 61 72 2
10 14 61 66 1
11 0 61 69 1
11 4 61 81 2
12 15 61 69 1
1 2 62 73 2
6 1 62 72 1
8 13 62 76 1
11 7 62 64 1
12 3 62 80 1
14 2 62 75 1
15 10 62 64 1
9 4 63 80 2
10 9 63 69 1
11 6 63 71 2
2 0 64 75 1
8 15 64 71 1
12 8 64 80 2
13 12 64 78 1
0 7 65 69 2
2 2 65 73 1
2 3 65 84 1
3 8 65 68 1
3 9 65 85 2
4 13 65 85 1
6 15 65 71 1
7 9 65 66 1
10 13 65 80 1
2 14 66 79 1
3 12 66 81 1
4 15 66 76 1
5 9 66 79 1
9 14 66 69 3
13 1 66 75 2
14 4 66 86 1
1 15 67 74 2
2 7 67 78 1
3 15 67 78 2
4 10 67 75 2
6 3 67 78 3
9 1 67 73 1
14 5 67 69 1
15 4 67 72 1
15 13 67 82 2
4 0 68 83 1
6 4 68 68 1
8 1 68 78 2
8 12 68 72 1
15 5 68 76 2
0 13 69 70 1
1 5 69 87 1
5 4 69 87 1
5 15 69 78 2
8 0 69 89 1
12 1 69 84 1
0 3 70 73 3
1 11 70 82 2
2 10 70 77 1
8 9 70 72 1
9 13 70 72 2
14 0 70 73 1
1 13 71 76 1
5 13 72 73 2
7 5 72 83 2
11 5 72 86 1
13 6 72 84 1
3 0 73 73 1
6 2 73 83 3
9 8 73 91 1
0 2 74 77 2
0 12 74 75 3
3 0 74 76 2
7 13 74 80 1
14 8 74 81 1
0 5 75 93 1
3 6 75 90 3
4 12 75 95 1
6 9 75 80 1
9 5 75 89 1
10 9 75 85 1
0 1 76 87 2
1 12 76 84 2
2 0 76 86 2
3 14 76 81 1
8 2 76 78 1
9 14 76 94 1
0 6 77 92 1
0 15 77 86 1
2 1 77 90 1
6 15 77 82 1
8 10 77 88 2
10 6 77 96 3
11 2 77 80 1
1 4 78 91 2
3 10 78 88 1
12 13 78 88 2
5 0 79 80 1
4 10 80 80 1
6 10 80 90 1
6 12 80 97 3
8 13 80 100 1
1 1 81 83 1
1 7 81 98 1
4 15 81 86 3
5 10 81 88 1
7 4 81 100 1
7 9 81 85 2
9 7 81 88 2
10 1 81 87 1
11 1 81 99 2
14 9 81 92 2
2 6 82 88 1
2 7 82 88 3
3 1 82 87 1
7 3 82 86 1
10 8 82 82 2
14 6 82 100 2
15 9 82 94 2
4 10 83 87 2
9 13 83 87 1
12 11 83 88 3
14 0 83 97 1
14 1 83 98 1
14 3 83 88 1
7 1 84 98 1
11 3 84 95 1
13 9 84 100 2
15 2 84 98 3
13 8 85 98 3
2 15 86 95 2
11 12 86 86 1
14 13 86 98 3
3 2 87 97 1
5 13 87 105 1
6 8 87 101 1
8 3 87 104 1
10 8 87 96 1
11 5 87 93 2
13 3 87 105 1
14 15 87 95 1
1 2 88 105 3
3 14 88 89 1
12 9 88 88 1
15 15 88 98 2
2 0 89 108 1
5 0 89 89 2
5 10 89 90 1
5 15 89 91 1
14 2 89 103 1
14 5 89 103 1
15 4 89 91 3
13 15 90 99 1
5 1 91 108 1
12 9 91 109 2
4 15 92 96 1
5 14 92 98 2
10 4 92 101 2
10 11 92 105 1
1 8 93 97 3
4 3 93 101 1
8 11 93 112 1
8 15 93 95 2
13 12 93 107 1
15 14 93 99 2
1 11 94 112 1
1 12 94 98 1
2 8 94 96 1
6 2 94 114 3
6 13 94 95 3
7 0 94 113 3
7 10 94 106 1
9 11 94 102 2
10 7 94 113 1
14 14 94 97 2
3 11 95 103 1
3 15 95 107 2
8 7 95 110 1
10 13 95 104 2
13 11 95 105 1
13 14 95 105 1
2 14 96 96 1
5 6 96 97 1
6 11 96 109 3
10 10 96 98 2
0 15 97 99 1
4 14 97 107 1
5 0 97 112 3
7 9 97 111 1
11 7 97 97 2
13 7 97 108 1
1 3 98 118 2
1 4 98 113 2
4 4 98 102 1
11 2 98 112 3
1 5 99 112 1
1 14 99 117 1
5 15 99 117 1
6 5 99 115 3
0 4 100 100 1
3 10 100 107 1
5 11 100 118 1
6 13 100 114 3
7 13 100 120 1
9 2 100 101 1
9 13 100 111 1
10 2 100 115 1
10 12 100 116 1
11 10 100 117 1
12 7 100 107 3
13 15 100 116 3
0 9 101 121 2
2 6 101 102 3
5 6 101 103 2
8 0 101 107 1
8 4 101 120 1
0 0 102 102 1
1 8 102 104 1
2 14 102 109 3
7 15 102 115 1
8 1 102 109 3
11 5 102 110 1
13 1 102 116 2
0 15 103 116 2
2 6 103 115 3
3 4 103 105 1
3 7 103 112 1
4 1 103 104 1
14 13 103 106 2
4 0 104 110 1
4 9 104 119 2
5 14 104 118 3
6 7 104 112 2
8 6 104 123 1
8 12 104 120 2
11 4 104 110 3
14 14 104 111 1
15 10 104 124 2
0 13 105 106 1
1 0 105 124 1
2 10 105 111 1
8 14 105 106 3
9 9 106 109 3
10 4 106 107 3
14 15 106 123 1
9 5 107 124 1
14 3 108 114 1
15 2 108 128 1
15 11 108 128 3
2 0 109 113 1
13 3 109 126 2
1 6 110 117 1
2 7 110 128 2
4 4 110 121 1
4 8 110 115 1
5 1 110 116 3
5 6 110 129 1
7 5 110 119 1
10 13 110 130 1
10 15 110 116 4
14 1 110 114 3
4 7 111 111 1
5 10 111 126 1
8 5 111 114 4
9 0 111 129 2
9 10 111 117 2
11 15 111 127 1
4 13 112 122 1
5 7 112 132 1
14 10 112 112 1
2 5 113 128 1
2 12 113 118 1
13 5 113 119 1
15 12 113 131 3
5 0 114 128 2
2 1 115 117 1
8 7 115 128 2
10 6 115 115 2
11 4 115 123 1
6 1 116 116 3
6 3 116 127 1
6 9 116 125 1
6 15 116 120 1
10 3 116 128 2
12 8 116 122 2
3 3 117 119 2
4 10 117 125 2
7 2 117 135 3
12 7 117 133 1
2 2 118 129 3
3 5 118 126 1
9 12 118 123 3
12 6 118 127 1
12 14 118 137 1
13 6 118 125 1
14 5 118 120 3
15 14 118 122 3
3 4 119 136 2
3 10 119 130 1
4 15 119 126 2
5 13 119 121 3
11 9 119 128 1
14 6 119 139 1
0 4 120 131 2
2 10 120 132 3
6 2 120 135 1
14 9 120 121 1
14 13 120 133 1
3 9 122 137 3
5 14 122 125 2
7 11 122 123 1
8 0 122 142 1
9 10 122 131 2
15 8 122 128 1
0 5 123 129 3
2 15 123 130 1
3 11 123 142 1
5 1 123 138 1
5 8 123 130 2
9 9 123 125 4
10 10 123 124 1
13 11 123 141 4
14 7 123 130 2
3 13 124 140 1
8 8 124 132 4
9 12 124 131 1
9 13 124 144 1
13 14 124 126 1
15 9 124 141 2
1 10 125 126 1
7 7 125 127 1
5 3 126 140 3
6 14 126 134 1
11 10 126 126 2
15 3 126 128 1
0 6 127 127 2
1 13 127 135 3
2 8 127 128 2
2 11 127 130 4
7 0 127 127 2
12 10 127 129 4
5 2 128 131 2
5 5 128 148 2
6 9 128 136 3
7 3 128 135 2
10 9 128 144 1
0 10 129 134 2
6 8 129 130 3
8 15 129 147 4
11 8 129 141 1
10 7 130 133 3
11 7 130 130 2
12 4 130 141 4
14 3 130 143 3
6 4 131 140 2
6 5 131 149 4
7 14 131 139 2
15 3 131 146 2
4 4 132 146 1
8 2 132 145 1
9 1 132 149 2
12 3 132 137 4
12 8 132 133 1
4 7 133 146 1
5 10 133 152 1
7 0 133 144 1
7 10 133 146 1
9 4 133 144 3
9 5 133 151 1
12 11 133 137 1
12 15 133 152 1
13 5 133 142 4
1 9 134 144 4
2 7 134 142 1
3 3 134 153 2
14 7 134 139 1
2 6 135 144 2
9 7 135 143 2
9 15 135 146 4
10 15 135 143 2
3 8 136 137 4
6 8 136 147 1
6 12 136 148 1
8 8 136 154 1
9 11 136 153 1
12 1 136 150 2
15 4 136 145 1
0 5 137 139 1
0 7 137 145 3
1 14 137 137 3
2 12 137 139 1
2 15 137 143 2
5 13 137 146 1
6 1 137 146 5
6 10 137 146 2
9 9 137 139 1
11 9 137 147 1
0 2 138 142 5
4 10 138 151 4
6 7 138 143 1
10 14 138 144 5
13 4 138 148 2
0 3 139 157 3
1 0 139 150 1
2 9 139 148 3
4 2 139 151 1
4 8 139 146 1
4 14 139 145 2
8 6 139 145 4
8 12 139 149 2
8 13 139 143 1
10 1 139 147 2
2 2 140 142 4
2 12 140 146 1
6 2 140 141 4
7 4 140 158 1
7 6 140 145 4
9 12 140 152 4
11 2 140 149 2
11 12 140 141 1
12 6 140 147 1
13 15 140 146 2
0 6 141 141 3
3 2 141 148 1
5 7 141 156 2
6 4 141 154 3
6 14 141 155 1
13 8 141 161 4
14 14 141 160 1
1 8 142 159 2
3 6 142 155 3
5 3 142 152 2
11 0 142 156 1
12 2 142 156 4
15 11 142 151 1
2 4 143 161 4
3 1 143 146 4
15 2 143 160 1
1 4 144 158 4
6 9 144 164 2
7 3 144 145 1
8 4 144 158 2
8 11 144 156 3
12 9 144 150 1
15 8 144 163 1
6 11 145 155 2
7 11 145 160 1
10 7 145 162 2
14 3 145 152 2
15 13 145 158 1
4 5 146 166 1
5 9 146 151 3
6 6 146 165 1
7 12 146 157 2
12 7 146 160 2
14 0 146 154 2
11 10 147 156 2
13 0 147 154 1
13 15 147 147 4
9 3 148 154 1
10 5 148 149 2
0 4 149 167 2
7 8 149 154 1
7 13 149 158 1
11 8 149 154 3
15 4 149 155 2
3 11 150 165 1
3 14 150 163 1
4 3 150 151 4
6 8 150 151 2
10 1 150 161 4
1 5 151 160 1
2 11 151 165 2
14 2 151 152 4
14 10 151 157 2
1 1 152 169 1
4 9 152 157 1
4 15 152 162 2
8 1 152 168 4
9 0 152 157 1
11 2 152 161 2
12 6 152 157 4
13 2 152 155 3
2 3 153 163 2
5 2 153 172 1
5 4 153 155 4
7 9 153 172 2
10 0 153 168 1
10 8 153 172 3
10 13 153 170 2
0 0 154 172 1
8 7 154 170 4
11 3 154 155 1
12 13 154 155 2
3 9 155 165 4
13 3 155 160 1
4 13 156 163 2
5 6 156 157 2
11 15 156 175 2
14 8 156 159 3
15 3 156 161 4
5 0 157 157 3
6 3 157 163 3
12 0 157 174 4
14 3 157 165 1
4 11 158 160 3
5 12 158 177 1
8 8 158 160 4
8 11 158 162 2
9 4 158 172 1
10 14 158 163 1
3 0 159 171 2
9 15 159 176 1
12 6 159 169 5
12 11 159 161 4
14 6 159 167 1
14 9 159 165 5
15 0 159 160 2
0 6 160 170 1
8 10 160 161 2
9 3 160 165 1
14 5 160 171 1
1 11 161 175 1
2 7 161 168 2
5 11 161 179 1
8 8 161 164 1
9 13 161 164 2
10 15 161 167 1
12 10 161 172 3
15 14 161 181 5
1 12 162 171 1
2 12 162 163 1
4 3 162 164 2
6 14 162 176 1
13 3 162 165 3
15 11 162 178 1
4 6 163 166 4
5 4 163 165 2
9 9 163 177 3
11 0 163 165 1
11 2 163 181 2
14 2 163 166 3
0 14 164 173 3
3 3 164 166 3
4 10 164 183 1
14 10 164 178 2
14 12 164 173 1
0 12 165 182 1
9 1 165 168 3
11 14 165 171 4
1 5 166 172 1
2 5 166 180 2
3 2 166 178 2
4 11 166 176 2
4 15 166 183 2
6 4 166 177 4
14 0 166 177 1
15 15 166 173 1
1 6 167 175 3
4 5 167 171 3
6 0 167 180 4
12 4 167 176 2
15 3 167 170 3
15 13 167 179 3
8 2 168 181 1
8 8 168 181 2
9 6 168 174 2
9 14 168 177 2
11 1 168 169 2
14 7 168 178 1
15 6 168 169 5
2 15 169 174 3
6 11 169 177 3
11 11 169 171 6
11 12 169 172 3
0 8 170 174 2
2 3 170 179 2
12 12 170 175 2
13 15 170 176 2
5 4 171 173 5
6 1 171 181 5
6 3 171 172 1
7 13 171 189 6
8 15 171 176 1
10 10 171 177 1
2 7 172 174 1
7 11 172 184 5
15 6 172 183 2
15 9 172 181 2
1 3 173 178 2
7 15 173 189 3
0 10 174 189 4
1 12 174 184 1
4 14 174 175 1
7 1 174 179 1
8 9 174 190 5
10 6 174 174 1
12 3 174 178 2
13 6 174 187 3
5 7 175 175 1
7 6 175 192 1
13 8 175 194 5
3 9 176 193 2
5 9 176 178 4
0 0 177 188 3
1 9 177 184 1
7 12 177 188 2
12 4 177 190 3
15 10 177 188 5
4 9 178 192 2
6 12 178 187 3
9 4 178 186 1
12 8 178 187 1
1 8 179 197 5
1 13 179 185 1
5 13 179 183 1
8 12 179 187 1
8 13 179 180 1
10 2 179 186 3
13 0 179 187 1
4 11 180 190 3
7 4 180 182 1
7 5 180 193 2
8 1 180 185 2
9 12 180 188 1
10 3 180 186 2
10 6 180 197 1
12 1 180 180 6
15 1 180 196 3
0 3 181 184 1
8 13 181 181 5
15 11 181 190 2
3 8 182 200 2
10 0 182 191 5
12 11 182 200 1
14 3 182 187 4
15 12 182 183 5
2 3 183 184 2
2 11 183 184 3
3 4 183 186 2
4 6 183 202 4
5 9 183 186 1
6 1 183 197 1
8 3 183 187 1
10 13 183 184 1
12 2 183 201 4
14 5 183 190 2
2 14 184 186 5
4 0 184 204 1
5 6 184 197 4
9 1 184 190 1
10 9 184 197 5
11 1 184 203 4
11 6 184 204 4
1 0 185 204 5
2 4 185 197 1
2 10 185 193 1
12 10 185 202 1
12 12 185 201 3
13 7 185 203 1
14 2 185 201 1
14 13 185 188 1
0 2 186 195 3
1 6 186 205 1
2 2 187 198 3
10 7 187 203 3
10 10 187 189 3
3 5 188 190 1
7 10 188 191 3
11 10 188 189 3
13 6 188 189 4
13 13 188 192 2
5 2 189 200 2
11 11 189 194 6
14 11 189 206 1
1 14 190 197 4
7 0 190 210 6
10 10 190 207 2
12 7 190 202 6
0 3 191 210 1
1 1 191 194 2
2 11 191 197 1
2 14 191 210 2
3 5 191 203 1
4 2 191 201 1
4 8 191 201 3
6 5 191 194 5
7 3 191 195 3
9 8 191 197 2
10 13 191 200 2
12 6 191 202 3
14 1 191 192 6
15 2 191 199 4
0 10 192 203 4
5 11 192 203 1
9 11 192 192 1
10 3 192 208 3
14 0 192 193 1
1 3 193 202 2
4 5 193 208 3
4 7 193 195 3
8 10 193 210 2
13 15 193 212 2
0 9 194 209 1
11 5 194 210 1
15 7 194 211 1
3 10 195 203 1
7 12 195 204 1
9 7 195 206 3
13 12 195 201 1
15 4 195 210 3
1 1 196 206 1
1 11 196 215 4
4 15 196 210 5
5 10 196 215 6
6 8 196 205 1
7 4 196 216 4
8 8 196 200 1
4 4 197 198 1
8 13 197 212 1
9 2 197 215 3
9 14 197 199 5
12 5 197 206 1
1 7 198 198 2
6 6 198 212 1
13 5 198 209 5
4 1 199 208 3
12 14 199 217 4
0 0 200 203 3
5 12 200 202 2
6 1 200 205 1
8 12 200 211 1
9 12 200 215 1
0 4 201 213 4
1 13 201 202 3
2 2 201 205 2
2 5 201 208 5
3 1 201 207 6
3 2 201 221 1
12 1 201 205 1
13 6 201 211 4
13 8 201 202 1
1 2 202 211 2
2 12 202 208 2
5 2 202 216 1
6 0 202 203 2
7 7 202 204 3
8 2 202 214 4
9 1 202 220 1
9 8 202 203 5
12 13 202 213 1
13 13 202 210 4
0 5 203 213 3
1 5 203 207 2
2 15 203 210 3
5 14 203 211 1
12 10 203 217 4
4 13 204 222 3
5 11 204 224 1
8 14 204 215 6
11 12 204 218 4
12 8 204 224 3
13 11 204 221 2
3 0 205 223 1
5 7 205 216 1
7 12 205 222 1
7 13 205 209 1
7 15 205 221 2
11 6 205 223 3
1 3 206 219 3
1 14 206 208 2
2 13 206 214 7
5 6 206 223 1
6 5 206 212 1
11 10 206 216 7
12 4 206 214 6
13 2 206 219 1
1 7 207 213 1
4 0 207 210 3
6 12 207 210 2
7 1 207 226 1
8 9 207 222 1
9 3 207 207 1
12 12 207 209 1
14 6 207 226 5
3 7 208 215 6
3 14 208 222 1
7 3 208 208 3
7 5 208 213 4
8 11 208 212 5
10 9 208 209 2
12 6 208 213 1
4 12 209 223 3
7 10 209 229 1
8 3 209 220 1
10 1 209 210 1
13 8 209 214 1
1 0 210 223 2
1 13 210 218 6
9 13 210 223 1
2 0 211 231 4
7 9 211 211 3
11 2 211 218 7
13 9 211 225 1
14 10 211 213 3
15 3 211 220 1
0 2 212 216 5
1 8 212 215 1
2 10 212 229 2
8 8 212 224 3
9 4 212 220 2
12 0 212 221 1
9 0 213 224 4
11 15 213 216 8
15 12 213 219 7
0 9 214 222 2
4 10 214 216 1
5 8 214 233 5
6 13 214 233 2
12 15 214 231 1
13 6 214 228 2
13 7 214 229 3
14 8 214 233 1
15 6 214 234 6
1 15 215 227 3
6 7 215 228 1
7 11 215 225 3
3 13 216 233 4
14 5 216 218 4
7 0 217 234 2
8 2 217 219 2
8 4 217 235 1
9 5 217 227 6
3 6 218 228 1
6 8 218 235 4
8 7 218 226 6
15 11 218 237 2
1 2 219 239 5
15 1 219 237 2
5 1 220 229 3
9 7 220 240 8
14 14 220 233 3
4 6 221 230 2
8 15 221 233 1
11 9 221 225 4
11 15 221 222 1
2 3 222 223 1
4 3 222 239 4
5 0 222 222 1
13 1 222 231 5
14 3 222 228 6
14 7 222 235 3
0 13 223 241 4
9 12 223 232 4
10 9 223 231 5
12 2 223 229 6
0 3 224 240 1
0 11 224 233 8
3 2 224 232 2
4 9 224 227 1
5 6 224 227 1
6 14 224 232 1
8 5 224 233 1
11 2 224 242 1
15 4 224 233 2
1 0 225 242 1
2 14 225 237 4
4 13 225 233 6
11 15 225 227 6
5 10 226 236 7
9 8 226 233 3
13 3 226 245 2
14 2 226 235 2
0 12 227 242 2
2 4 227 236 7
10 3 227 246 1
15 3 227 239 3
2 8 228 235 5
3 5 228 228 2
4 1 228 244 4
6 12 228 233 1
9 4 228 229 1
9 15 228 236 1
10 12 228 231 2
10 13 228 232 9
14 9 228 248 2
4 4 229 230 6
13 8 229 242 3
0 4 230 247 2
3 0 230 236 1
3 7 230 231 3
8 3 230 245 2
9 11 230 244 5
14 12 230 245 2
5 1 231 232 1
10 8 231 236 1
14 6 231 238 1
10 0 232 238 1
12 3 232 250 3
12 7 232 240 6
12 9 232 242 4
6 5 233 244 8
6 15 233 249 8
10 4 233 248 1
12 6 233 243 4
13 6 233 248 1
15 0 233 235 1
15 5 233 235 1
15 9 233 250 5
4 10 234 236 2
6 0 234 234 3
8 15 234 238 1
11 15 234 234 1
14 11 234 254 8
2 12 235 240 2
7 4 235 250 1
7 13 235 252 1
8 0 235 247 1
8 13 235 254 2
11 0 235 235 5
13 1 235 252 7
15 8 235 252 9
0 5 236 249 6
0 6 236 252 1
1 1 236 245 8
3 15 236 249 5
7 10 236 242 3
13 9 236 239 1
14 13 236 239 5
15 0 236 249 3
1 3 237 240 1
2 6 237 250 1
8 11 237 239 1
10 14 238 242 2
2 5 239 239 9
5 9 239 256 1
15 5 239 241 1
3 11 240 247 3
3 13 240 241 1
8 7 240 253 3
10 0 240 244 3
10 1 240 242 1
10 15 240 251 5
11 4 240 249 6
14 1 240 251 1
5 3 241 244 3
11 15 241 249 1
0 2 242 259 1
6 8 242 260 1
10 8 242 252 6
12 12 242 250 2
12 15 242 243 3
13 14 242 247 9
13 15 242 260 3
2 14 243 243 1
3 8 243 259 6
6 14 243 249 7
8 12 243 251 3
11 0 243 257 6
0 10 244 255 1
7 3 244 261 7
9 12 244 246 3
10 13 244 262 2
0 12 245 258 1
5 15 245 252 2
12 9 245 254 6
14 8 245 263 3
2 1 246 250 5
10 14 246 251 3
12 6 246 255 2
3 9 247 267 1
6 6 247 263 7
8 8 247 266 1
2 0 248 251 1
5 0 248 256 4
7 1 248 251 1
1 10 249 259 3
5 2 249 254 8
9 0 249 249 2
11 11 249 260 7
12 1 249 252 3
0 13 250 253 4
3 4 250 263 11
5 3 250 253 9
12 11 250 263 1
4 8 251 261 4
12 13 251 262 1
1 8 252 262 2
2 5 252 258 7
3 12 252 269 1
4 10 252 272 1
5 8 252 259 7
7 5 252 262 1
10 3 252 268 1
10 12 252 257 3
15 5 252 260 2
15 7 252 254 6
3 6 253 263 2
5 1 253 269 2
6 0 253 254 1
11 15 253 256 2
12 14 253 259 3
15 8 253 268 1
4 11 254 256 1
9 15 254 269 5
10 9 254 256 7
13 4 254 272 4
14 7 254 258 1
8 9 255 272 2
1 7 256 275 9
2 3 256 259 2
3 13 256 261 4
4 3 256 276 2
5 5 256 270 6
5 11 256 264 3
5 14 256 261 8
6 13 256 261 1
10 14 256 276 6
11 3 256 273 1
13 10 256 263 10
1 3 257 262 1
2 1 257 270 10
6 2 257 259 2
8 13 257 267 11
1 1 258 266 7
1 13 258 277 4
2 15 258 278 3
4 1 258 267 5
12 1 258 258 2
5 6 259 268 3
5 10 259 260 7
6 9 259 259 1
6 12 259 265 9
13 11 259 276 6
15 4 259 266 4
4 15 260 267 1
5 7 260 261 10
8 1 260 279 1
9 6 260 274 1
1 6 261 273 1
4 7 261 276 1
5 4 261 273 6
6 7 261 272 1
7 4 261 268 5
12 8 261 262 8
9 0 262 268 5
9 2 262 263 4
13 0 262 269 1
13 14 262 263 10
0 8 263 281 1
4 0 263 267 5
6 2 263 277 8
8 2 263 268 2
9 7 263 268 6
11 7 263 277 5
14 7 263 272 1
1 0 264 274 2
1 8 264 267 6
6 8 264 265 3
7 6 264 267 7
8 3 264 271 10
11 2 264 273 3
12 13 264 282 1
14 13 264 280 7
15 13 264 283 11
0 5 265 265 8
2 5 265 279 7
3 15 265 280 3
7 12 265 271 3
9 2 265 284 10
11 10 265 269 1
12 14 265 285 3
12 15 265 276 9
14 0 265 283 9
14 15 265 275 2
3 11 266 272 12
5 11 266 266 1
8 11 266 273 1
8 15 266 280 3
13 12 266 272 9
0 3 267 272 11
0 4 267 281 6
15 12 267 281 6
0 15 268 272 1
6 9 268 283 2
7 15 268 280 6
10 1 268 277 1
10 9 268 283 3
12 12 268 280 5
13 2 268 270 6
4 4 269 273 1
4 14 269 280 2
7 10 269 288 2
9 1 269 271 12
9 10 269 289 1
10 2 269 274 3
13 9 269 281 5
15 1 269 286 11
15 6 269 277 7
5 6 270 290 5
7 8 270 290 8
10 0 270 286 8
1 11 271 279 4
5 10 271 288 8
9 15 271 284 1
10 7 271 286 8
10 11 271 278 4
15 4 271 277 1
2 6 272 288 2
11 11 272 277 1
14 6 272 273 6
2 7 273 274 5
2 10 273 274 1
7 14 273 289 8
0 0 274 280 8
11 9 274 276 3
13 0 274 288 5
2 1 275 280 13
6 14 275 290 8
7 7 275 292 1
7 9 275 286 2
10 10 275 283 1
10 15 275 290 1
12 11 275 294 3
13 7 275 281 3
14 8 275 276 8
5 4 276 276 4
5 5 276 288 1
7 5 276 291 4
7 11 276 282 12
14 11 276 290 3
14 14 276 276 3
2 10 277 278 1
8 4 277 278 3
11 8 277 287 3
4 12 278 287 2
6 2 278 292 1
6 4 278 282 1
8 10 278 285 3
10 3 278 283 8
12 15 278 297 1
1 8 279 282 1
4 10 279 295 2
6 8 279 292 2
7 0 279 297 13
10 11 279 280 2
11 1 279 290 10
13 11 279 299 3
1 4 280 285 3
2 13 280 300 1
3 7 280 300 2
3 12 280 297 1
15 14 280 287 12
0 12 281 293 1
1 1 281 299 8
8 5 281 291 1
9 8 281 286 1
12 7 281 281 4
2 0 282 295 10
4 1 282 287 14
13 1 282 285 5
13 5 282 284 1
1 8 283 283 1
9 9 283 284 1
14 12 283 302 1
1 0 284 301 1
8 6 284 304 7
8 7 284 288 2
8 14 284 291 1
12 12 284 298 4
2 7 285 286 5
8 8 285 300 2
15 3 285 294 4
5 1 286 294 3
14 9 286 306 4
0 8 287 297 12
1 13 287 293 6
3 5 287 301 1
4 15 287 287 1
5 2 287 297 7
5 8 287 303 3
5 12 287 295 3
6 1 287 295 1
10 13 287 302 5
12 10 287 296 7
14 1 287 291 10
14 7 287 306 5
14 8 287 295 1
0 7 288 291 13
2 3 288 294 2
4 13 288 300 1
8 9 288 296 1
11 7 288 289 1
13 8 288 304 3
0 6 289 306 9
0 9 289 290 3
7 12 289 295 1
8 4 289 294 5
9 2 289 308 3
9 5 289 291 4
9 15 289 296 7
13 4 289 289 10
13 7 289 304 11
15 12 289 300 1
1 8 290 300 2
11 12 290 308 4
2 1 291 306 1
2 10 291 300 1
6 6 291 307 1
6 12 291 296 1
8 13 291 302 9
12 13 291 295 12
0 15 292 312 1
4 5 293 304 2
6 9 293 313 5
10 8 293 309 6
14 0 293 301 1
13 6 294 296 1
0 9 295 300 8
0 11 295 309 4
3 2 295 313 3
9 5 295 313 4
12 2 295 301 4
14 10 295 315 5
15 1 295 296 7
15 13 295 297 2
1 12 296 303 1
11 14 296 301 1
14 1 296 297 2
14 14 296 315 4
15 4 296 307 2
1 2 297 307 6
2 4 297 314 2
6 3 297 317 5
6 15 297 316 9
12 13 297 308 2
15 7 297 304 1
0 5 298 311 3
0 10 298 314 9
5 0 298 307 12
6 12 298 308 4
9 13 298 301 2
15 2 298 308 2
3 15 299 300 5
10 9 299 310 13
12 7 299 316 14
6 10 300 305 5
12 4 300 316 1
15 8 300 317 1
1 3 301 320 1
2 7 301 317 3
2 12 301 311 4
4 11 301 301 2
7 1 301 320 1
8 2 301 303 4
12 12 301 315 12
0 9 302 311 1
2 14 302 317 7
3 11 302 318 2
9 12 302 320 2
2 0 303 308 3
4 4 303 317 4
5 3 303 311 2
13 2 303 309 3
14 15 303 318 3
2 13 304 312 10
4 12 304 312 8
9 10 304 312 13
13 3 304 314 1
15 3 304 322 4
0 2 305 314 2
0 4 305 318 2
1 6 305 306 4
6 14 305 316 5
12 8 305 305 15
12 9 305 310 1
2 5 306 319 6
5 14 306 314 1
13 8 306 307 10
15 14 306 310 13
3 6 307 314 4
11 0 307 307 4
11 5 307 314 5
0 0 308 322 4
0 1 308 309 14
1 5 308 320 9
1 11 308 318 1
2 6 308 313 1
3 9 308 308 7
11 11 308 319 2
6 11 309 329 2
7 8 309 322 8
11 12 309 322 2
1 0 310 323 9
1 14 310 326 1
2 10 310 310 3
4 5 310 320 6
8 6 310 314 2
12 10 310 315 14
1 10 311 325 3
4 3 311 322 2
4 7 312 326 1
8 8 312 325 1
8 9 312 324 3
14 5 312 331 4
0 12 313 328 1
9 11 313 333 5
15 0 313 320 3
4 13 314 325 4
6 5 314 320 2
6 6 314 321 2
7 11 314 325 1
10 5 314 331 3
10 14 314 326 6
14 3 314 325 1
15 4 314 314 1
15 12 314 314 3
1 13 315 324 2
8 2 315 326 11
8 10 315 335 9
11 8 315 329 1
11 14 315 319 1
0 13 316 319 10
3 6 316 323 3
7 10 316 327 14
8 4 316 319 16
8 12 316 323 1
9 2 316 326 2
10 4 316 329 10
10 11 316 329 6
12 6 316 323 1
0 15 317 321 4
1 1 317 329 11
2 3 317 335 7
3 1 317 327 3
13 3 317 325 3
13 6 317 327 17
15 11 317 321 7
2 9 318 320 1
6 14 318 322 10
7 15 318 330 3
12 8 318 338 5
13 7 318 337 2
15 2 318 322 7
2 1 319 324 2
4 4 319 321 3
6 0 319 320 1
6 7 319 331 17
12 5 319 327 3
12 12 319 326 1
15 13 319 324 2
1 2 320 326 2
2 4 320 335 1
2 8 320 336 1
5 5 320 331 1
6 10 321 334 7
11 13 321 338 4
15 15 321 340 2
2 9 322 326 4
3 9 322 322 2
7 13 322 334 11
11 2 322 340 4
14 7 322 327 13
10 10 323 334 14
10 13 323 331 1
3 6 324 333 2
5 8 324 326 10
11 4 324 344 4
11 14 324 335 2
12 1 324 338 5
14 8 324 336 1
5 7 325 330 5
13 14 325 337 5
2 10 326 338 5
2 14 326 327 4
4 2 326 327 5
6 6 326 345 5
6 9 326 332 2
7 0 326 331 9
8 6 326 330 1
9 10 326 335 1
9 15 326 344 7
12 4 326 334 5
13 12 326 327 2
14 11 326 337 5
5 9 327 346 2
9 1 327 339 4
9 12 327 342 7
10 12 327 327 2
0 6 328 342 1
2 5 328 342 19
2 11 328 332 5
14 13 328 345 15
1 7 329 346 18
1 10 329 341 16
3 14 329 341 2
6 4 329 345 5
12 3 329 345 1
12 11 329 334 2
11 0 330 345 5
13 2 330 340 4
15 8 330 343 7
8 12 331 342 1
10 0 331 348 2
0 15 332 350 16
1 1 332 343 8
3 15 332 334 1
10 13 332 343 6
11 12 332 351 10
12 13 332 351 1
13 6 332 338 4
7 6 333 348 4
2 12 334 338 1
6 9 334 342 10
0 13 335 348 9
1 2 335 336 2
4 11 335 352 15
5 1 335 352 2
6 1 335 336 8
6 8 335 355 2
6 10 335 355 1
12 2 335 349 2
2 6 336 353 10
10 15 336 356 1
11 6 336 345 1
13 5 336 348 6
13 12 336 338 14
15 14 336 346 5
2 3 337 357 16
5 15 337 351 12
5 13 338 343 7
12 12 338 348 19
0 8 339 353 16
4 15 339 343 2
5 2 339 348 7
7 4 339 344 2
7 14 339 340 13
11 8 339 343 12
11 15 339 348 6
15 9 339 343 16
0 9 340 347 12
5 5 340 358 6
10 14 340 356 1
14 6 340 343 5
0 1 342 342 12
1 11 342 355 3
5 12 342 343 3
13 14 342 362 16
14 10 342 348 1
15 3 342 357 15
6 2 343 360 6
7 1 343 357 8
8 9 343 352 4
9 4 343 352 12
12 7 343 356 14
15 15 343 351 1
3 3 344 352 5
5 8 344 353 2
7 0 344 352 17
14 6 344 364 2
3 7 345 359 2
5 10 345 358 13
7 8 345 346 2
7 9 345 361 2
9 6 345 354 5
12 1 345 358 10
14 7 345 349 4
14 9 345 364 14
9 12 346 347 2
12 14 346 356 2
12 15 346 366 9
15 13 346 356 5
1 4 347 350 16
3 4 347 350 1
3 5 347 362 2
7 2 347 363 11
14 1 347 366 8
14 5 347 366 2
15 2 347 355 20
3 2 348 351 2
3 6 348 360 12
7 13 348 354 20
9 2 348 356 5
15 10 348 366 5
15 11 348 366 1
1 0 349 364 6
1 1 349 364 1
1 12 349 356 1
5 0 349 357 17
6 0 349 356 4
6 12 349 354 12
1 2 350 359 4
2 9 350 353 1
5 13 350 351 7
6 4 350 350 1
6 5 350 365 2
7 5 350 360 1
8 6 350 370 18
8 8 350 370 12
13 13 350 366 1
15 6 350 351 5
1 13 351 358 18
3 9 351 364 1
6 6 351 371 5
2 2 352 358 3
4 2 352 359 9
5 3 352 368 1
5 4 352 362 10
5 6 352 356 2
14 2 352 354 8
14 11 352 370 6
3 12 353 353 1
6 1 353 371 13
7 0 353 364 2
11 1 353 356 16
15 7 353 366 9
8 0 354 361 7
10 13 354 365 19
15 14 354 366 1
10 12 355 355 18
13 10 355 360 14
6 14 356 375 1
11 4 356 373 22
12 8 356 366 12
0 4 357 362 2
0 10 357 360 2
1 7 357 361 9
2 0 357 364 1
4 15 357 362 1
6 4 357 371 1
8 2 357 361 7
8 5 357 361 12
1 3 358 359 22
4 14 358 370 4
9 6 358 359 1
9 14 358 364 9
0 11 359 373 1
5 8 359 374 15
7 14 359 377 4
7 15 359 369 7
10 6 359 371 2
12 14 359 375 4
0 14 360 360 18
1 2 360 362 21
2 15 360 362 11
3 15 360 374 2
4 6 360 368 4
8 1 360 367 1
9 3 360 369 20
1 10 361 361 1
7 12 361 376 17
11 3 361 371 1
13 11 361 375 5
0 13 362 364 7
7 8 362 382 3
10 10 362 364 6
15 15 362 375 6
0 12 363 374 2
2 4 363 373 2
4 4 363 363 1
5 11 363 366 7
5 13 363 373 2
5 14 363 363 17
13 15 363 364 1
15 0 363 382 16
4 12 364 376 16
8 13 364 365 11
9 9 364 368 11
13 5 364 378 9
5 5 365 368 1
14 6 365 381 4
4 7 366 381 18
0 3 367 374 15
2 15 367 381 4
3 11 367 375 15
3 12 367 370 1
5 12 367 376 5
10 4 367 381 14
11 11 367 369 21
12 5 367 376 8
13 2 367 371 2
2 0 368 370 2
3 2 368 382 2
11 8 368 386 4
11 10 368 370 2
2 8 369 385 2
13 1 369 370 1
9 7 370 378 2
10 9 370 382 12
12 12 370 376 10
2 5 371 389 23
10 5 371 376 1
12 11 371 373 1
13 1 371 371 6
0 0 372 381 3
7 2 372 380 1
7 3 372 373 1
7 5 372 386 11
9 9 372 374 1
9 10 372 385 17
9 13 372 372 26
10 8 372 374 6
13 0 372 392 15
13 10 372 392 2
14 14 372 379 2
1 15 373 385 3
1 8 374 393 2
1 12 374 380 2
2 0 374 380 7
2 11 374 384 25
9 12 374 374 2
10 6 374 389 6
11 15 374 389 4
15 10 374 388 6
0 12 375 391 10
2 12 375 385 9
4 0 375 390 2
5 13 375 377 5
6 3 375 381 23
7 1 375 395 16
10 12 375 392 3
15 8 375 384 5
0 3 376 389 18
0 11 376 381 8
8 14 376 393 14
13 6 376 381 20
13 15 376 379 8
2 7 377 383 2
8 4 377 384 6
12 4 377 386 5
15 13 377 393 2
0 6 378 382 13
10 10 378 385 2
12 10 378 386 2
14 8 378 396 5
1 1 379 396 9
1 3 379 386 25
2 3 379 382 1
8 2 379 396 2
9 12 379 380 4
11 1 379 382 1
3 13 380 384 11
4 11 380 384 2
0 1 381 397 4
5 12 381 396 13
11 4 381 394 3
13 2 381 384 20
13 3 381 389 15
0 0 382 385 12
11 0 382 395 2
11 10 382 382 1
12 2 382 385 2
6 2 383 395 9
7 11 383 394 25
9 12 383 383 1
0 7 384 392 2
1 2 384 385 1
2 2 384 392 10
3 1 384 397 1
5 4 384 397 6
11 10 384 399 3
1 10 385 391 13
2 0 385 405 16
2 14 385 386 17
3 8 385 404 2
4 8 385 392 20
5 7 385 387 2
6 10 385 404 1
8 8 385 390 6
11 5 385 396 11
2 12 386 401 13
6 13 386 389 14
8 5 386 402 10
0 9 387 394 4
1 11 387 388 2
7 6 387 407 1
7 12 387 389 1
8 11 387 387 2
13 1 387 393 4
15 15 387 392 2
5 11 388 395 1
15 7 388 394 7
1 4 389 401 22
4 15 389 402 1
5 0 389 404 8
6 14 389 406 9
8 9 389 402 4
9 8 389 396 1
1 2 390 400 1
4 3 390 393 8
11 1 390 397 7
14 3 390 398 2
2 4 391 398 6
4 7 391 391 2
9 0 391 411 10
14 15 391 401 1
15 8 391 403 22
2 13 392 399 3
5 5 392 400 25
5 6 392 393 3
5 10 392 392 6
8 15 392 402 7
9 4 392 395 19
11 13 392 401 5
15 10 392 399 1
0 0 393 413 9
6 1 393 404 15
12 4 393 413 7
13 5 393 394 1
14 13 393 394 1
15 15 393 410 8
1 5 394 403 1
2 8 394 406 2
3 7 394 399 9
6 4 394 407 10
6 13 394 399 4
11 6 394 410 26
15 2 394 398 1
0 6 395 395 3
0 9 395 401 14
2 3 395 411 1
14 14 395 397 5
1 12 396 402 4
4 10 396 412 1
10 13 396 412 15
1 1 397 415 26
5 1 397 416 26
5 2 397 400 23
7 5 397 404 7
7 13 397 408 2
10 3 397 410 29
10 11 397 410 24
0 15 398 412 27
5 6 398 415 18
7 1 398 400 9
8 3 398 413 10
10 15 398 416 3
5 15 399 408 2
9 8 399 402 26
11 3 399 411 1
0 8 400 405 3
2 10 400 408 4
4 9 400 417 5
8 11 400 412 9
12 0 400 400 9
15 12 400 415 1
2 1 401 409 3
3 2 401 419 15
3 12 401 413 7
9 7 401 410 28
15 0 401 411 2
15 2 401 410 1
15 3 401 410 11
15 11 401 401 7
3 6 402 406 9
11 13 402 412 11
12 5 402 418 1
12 9 402 409 3
14 11 402 407 2
14 12 402 415 14
14 13 402 410 5
1 11 403 410 1
3 1 403 405 27
4 1 403 405 26
4 4 403 416 4
6 2 403 404 12
6 8 403 412 18
11 10 403 419 2
12 2 403 418 15
12 3 403 417 7
12 14 403 411 3
1 2 404 418 8
7 3 404 414 3
7 4 404 407 12
9 6 404 411 10
13 5 404 405 1
15 8 404 424 4
15 11 404 409 6
0 12 405 412 23
7 14 405 423 12
11 1 405 413 1
3 4 406 420 14
3 5 406 424 2
3 8 406 412 31
3 13 406 414 5
4 5 406 410 4
8 12 406 419 28
5 3 407 424 27
9 8 407 416 1
13 8 407 409 1
4 2 409 429 1
5 2 409 419 2
6 10 409 425 4
7 4 409 429 2
9 11 409 413 8
10 10 409 413 1
11 15 409 416 25
13 9 409 422 34
15 5 409 415 5
0 14 410 421 4
1 10 410 417 18
6 14 410 411 2
10 6 410 417 4
13 14 410 422 1
0 11 411 422 3
11 5 411 416 28
14 1 411 415 2
3 6 412 423 15
6 9 412 412 1
11 2 412 426 14
12 13 412 427 6
14 2 412 428 12
11 0 413 423 8
7 7 414 419 1
14 8 414 433 22
15 7 414 419 19
0 6 415 428 34
2 13 415 418 3
6 2 415 421 1
13 1 415 431 9
2 11 416 420 31
5 15 416 426 2
8 7 416 425 23
3 8 417 423 5
4 0 417 437 27
6 8 417 433 2
8 15 417 437 1
11 15 417 428 1
13 12 417 431 13
4 3 418 418 1
4 6 418 436 16
4 12 418 422 24
5 8 418 434 4
6 6 418 421 15
8 10 418 422 2
12 15 418 429 6
1 1 419 422 26
3 15 419 422 36
5 11 419 424 15
7 5 419 432 10
7 10 419 434 11
12 2 419 431 1
14 4 419 426 12
1 3 420 426 1
6 3 420 421 19
8 5 420 422 3
10 12 420 438 7
12 12 420 433 7
13 4 420 430 2
1 6 421 438 11
1 11 421 440 27
2 1 421 424 8
4 10 421 440 16
6 9 421 434 5
8 6 421 428 12
10 8 421 432 7
2 8 422 427 5
11 10 422 439 13
13 11 422 428 29
14 11 422 422 2
3 2 423 440 6
3 9 423 424 18
10 4 423 429 11
11 6 423 430 1
12 8 423 442 1
13 10 423 425 4
0 0 424 429 4
2 10 424 424 2
7 3 424 433 3
8 0 424 442 1
8 3 424 440 3
10 1 424 431 5
2 7 425 443 1
5 3 425 443 1
13 0 425 439 9
13 15 425 434 1
15 5 425 445 16
15 8 425 432 8
6 6 426 442 23
11 8 426 428 29
14 5 426 430 2
0 13 427 427 1
6 7 427 443 23
7 1 427 444 7
7 8 427 443 5
9 12 427 444 10
14 1 427 437 2
15 11 427 440 7
3 6 428 445 1
8 4 428 442 12
9 9 428 438 3
15 3 428 445 1
2 9 429 429 2
4 3 429 445 38
5 1 429 440 3
11 1 429 435 3
12 0 429 439 31
12 3 429 435 17
12 6 429 438 10
1 9 430 450 6
4 7 430 442 19
5 0 430 447 11
9 0 430 436 9
10 0 430 446 3
11 13 430 450 1
12 14 430 439 3
5 10 431 446 1
6 10 431 450 6
3 13 432 446 1
6 0 432 441 9
6 4 432 449 12
3 12 433 453 7
4 11 433 449 19
5 2 433 452 2
8 13 433 439 5
5 13 434 439 18
6 1 434 437 11
7 3 434 437 1
8 7 434 441 34
0 9 435 455 18
7 13 435 449 3
1 5 436 441 30
2 12 436 439 1
4 2 436 438 1
11 15 436 451 1
12 11 436 448 5
13 9 436 455 4
14 10 436 451 24
15 8 436 454 1
0 12 437 438 18
2 10 437 449 18
3 0 437 449 1
5 7 437 450 33
9 6 437 439 1
12 4 437 451 25
3 15 438 440 13
4 0 438 458 13
4 9 438 441 2
5 14 438 458 13
7 3 438 450 21
10 1 438 440 13
15 2 438 447 22
0 13 439 457 4
4 13 439 449 2
7 0 439 451 14
7 14 439 439 2
8 6 439 451 1
14 0 439 447 34
7 5 440 447 1
9 9 440 443 3
11 2 440 456 21
11 14 440 443 7
13 5 441 448 9
9 0 442 451 1
10 1 442 451 1
12 10 442 456 19
12 15 442 459 1
14 15 442 462 25
3 1 443 463 4
7 6 443 449 1
7 12 443 447 3
8 7 443 444 35
9 14 443 453 3
10 15 443 443 20
15 11 443 461 7
6 15 444 463 31
7 2 444 454 18
7 11 444 445 4
8 0 444 447 2
8 8 444 446 5
13 2 444 454 38
13 11 444 445 6
1 4 445 457 38
1 10 445 450 9
2 3 445 450 1
2 12 445 461 36
8 13 445 456 4
9 11 445 449 4
11 8 445 446 18
15 9 445 446 3
3 6 446 446 5
3 9 446 457 9
6 13 446 456 2
9 5 446 454 1
7 15 447 461 22
14 7 447 454 20
4 2 448 453 4
8 12 448 455 3
4 9 449 459 4
5 12 449 469 15
6 6 449 468 3
8 0 449 469 3
12 13 449 461 1
13 7 449 457 5
2 4 450 453 2
4 12 450 463 2
6 5 450 460 29
9 8 450 463 2
7 3 451 469 11
5 5 452 452 17
7 9 452 459 23
8 10 452 458 12
9 10 452 467 17
11 12 452 456 44
14 9 452 472 1
0 8 453 473 2
6 2 453 454 17
7 5 453 454 2
8 4 453 467 7
0 14 454 455 11
1 3 454 470 1
2 3 454 455 3
7 4 454 459 30
9 11 454 455 31
10 7 454 461 40
11 3 454 458 28
11 6 454 457 18
15 13 454 465 37
0 1 455 462 17
4 5 455 475 1
5 13 455 456 1
10 8 455 469 14
12 7 455 456 2
15 8 455 460 31
15 15 455 459 12
2 10 456 464 10
3 5 456 469 4
7 1 456 472 18
14 4 456 456 15
14 7 456 463 4
3 14 457 469 5
11 9 457 464 36
12 3 457 477 31
12 10 457 462 14
13 5 457 466 7
13 9 457 458 22
6 3 458 461 4
6 9 458 474 31
9 11 458 473 44
14 3 458 459 21
1 5 459 461 10
5 1 459 463 1
6 8 459 465 13
9 1 459 472 18
11 7 459 475 24
13 14 459 476 9
14 1 459 472 6
0 6 460 476 29
5 3 460 462 6
5 14 460 462 9
6 10 460 467 11
7 5 460 463 6
13 10 460 472 6
0 5 461 462 24
1 2 461 468 2
2 1 461 463 15
5 11 461 461 2
7 2 461 477 5
7 13 461 461 30
8 2 461 471 2
11 11 461 466 3
13 1 461 477 11
15 6 461 469 30
15 15 461 472 2
2 12 462 482 17
9 4 462 471 25
9 15 462 465 32
12 4 462 478 3
14 11 462 474 28
4 13 463 475 1
7 4 463 464 7
7 12 463 469 14
11 12 463 476 22
13 6 463 470 34
15 10 463 473 9
2 7 464 483 3
3 1 464 466 1
9 2 464 464 14
9 12 464 483 3
9 14 464 474 14
10 11 464 470 19
11 6 464 467 30
9 6 465 471 2
12 13 465 470 6
4 8 466 484 1
5 0 466 480 8
6 13 466 486 12
12 7 466 469 5
13 12 466 478 20
3 0 467 479 5
5 13 467 472 9
6 11 467 484 2
10 5 467 477 25
12 12 467 467 3
6 1 468 481 16
6 3 468 488 23
7 6 468 470 3
13 11 468 480 7
5 7 469 471 1
12 15 469 471 2
15 9 469 482 1
3 14 470 484 42
6 15 470 479 17
7 4 470 472 9
8 5 470 483 5
9 7 470 482 1
10 2 470 476 2
12 2 470 486 1
14 15 471 482 1
3 13 472 489 41
15 4 472 476 31
4 1 473 486 1
4 6 473 486 37
5 1 473 479 1
5 15 473 482 1
9 2 473 487 4
12 8 473 474 2
15 8 473 478 8
2 11 474 490 4
5 6 474 481 1
7 9 474 494 1
7 14 474 486 8
1 8 475 483 2
4 0 475 485 10
7 13 475 476 3
8 14 475 476 13
9 11 475 476 39
12 11 475 480 43
0 2 476 476 3
0 8 476 493 42
2 5 476 493 4
7 11 476 490 1
8 3 476 487 9
12 5 476 491 22
12 12 476 489 1
14 2 476 494 2
14 11 476 481 20
4 10 477 483 4
4 12 477 480 2
9 1 477 480 1
13 2 477 479 1
15 14 477 497 8
9 15 478 481 1
11 11 478 498 1
1 5 479 484 3
5 14 479 488 1
11 9 479 487 1
13 1 479 484 15
15 0 479 491 1
1 11 480 485 52
2 14 480 484 6
6 7 480 496 11
7 13 480 484 3
8 7 480 482 1
9 0 480 498 3
9 3 480 489 31
10 6 480 499 17
14 4 480 489 2
1 1 481 488 21
1 2 481 482 36
1 6 481 498 8
13 13 481 493 1
14 5 481 495 20
4 5 482 488 1
4 13 482 492 31
7 3 482 492 3
12 3 482 483 38
12 7 482 498 12
12 15 482 500 10
15 11 482 486 52
1 14 483 500 29
1 15 483 493 6
3 7 483 494 3
5 0 483 502 7
7 15 483 485 22
10 9 483 486 26
12 14 483 484 17
5 4 484 493 13
5 15 484 484 16
13 12 484 497 12
15 9 484 494 6
3 0 485 488 8
8 8 485 487 2
11 6 485 493 6
4 9 486 506 8
5 9 486 490 27
9 8 486 499 1
14 7 486 501 2
1 11 487 493 31
2 0 487 500 2
2 4 487 506 5
5 3 487 497 8
0 4 488 495 56
7 4 488 498 2
8 3 488 496 42
10 0 488 504 2
14 14 488 488 6
0 11 489 494 1
4 14 489 491 1
5 6 489 503 26
10 1 489 503 21
1 0 490 508 55
4 10 490 499 5
8 13 490 493 15
9 3 490 492 3
10 3 490 501 1
11 3 490 504 2
0 15 491 503 10
6 11 491 497 22
9 5 491 493 54
14 13 491 499 4
1 8 492 507 1
4 7 492 511 5
5 9 492 498 46
13 0 492 497 16
14 6 492 504 41
1 3 493 505 9
11 4 493 508 26
15 2 493 496 22
1 10 494 511 3
5 10 494 503 4
9 2 494 503 8
12 10 494 498 17
13 7 494 496 5
3 5 495 500 22
8 8 495 509 44
10 4 495 512 4
1 13 496 503 4
4 12 496 505 38
6 1 496 513 25
13 14 496 498 19
3 4 497 506 4
13 1 497 501 14
13 5 497 516 15
13 7 497 508 1
3 1 498 502 5
3 15 498 500 12
4 4 498 498 1
5 2 498 514 5
6 0 498 504 2
12 6 498 506 10
12 13 498 506 7
14 0 498 499 3
14 12 498 511 1
15 5 498 516 17
15 10 498 508 6
9 10 499 506 8
3 3 500 513 20
8 0 500 515 60
12 2 500 519 33
12 10 500 508 62
13 8 500 510 12
1 15 501 506 45
3 5 501 511 19
5 14 501 506 17
7 15 501 517 1
9 9 501 501 1
1 2 502 514 35
2 5 502 503 1
2 11 502 514 50
2 12 502 508 2
7 7 502 522 6
8 13 502 506 2
9 8 502 520 16
13 3 502 515 10
0 6 503 523 1
3 2 503 508 1
8 14 503 516 15
9 3 503 508 1
10 13 503 515 19
11 10 503 512 33
13 2 503 523 1
13 9 503 506 5
14 0 503 511 27
15 9 503 512 8
2 7 504 512 2
6 13 504 515 1
9 5 504 518 1
13 4 504 509 65
1 9 505 506 15
4 11 505 521 1
11 13 505 514 3
12 0 505 510 3
15 6 505 508 13
15 13 505 510 1
1 14 506 517 12
7 2 506 521 2
8 2 506 513 23
9 4 506 518 1
9 7 506 517 1
10 11 506 515 49
11 15 506 512 57
12 7 506 508 3
12 12 506 506 64
13 14 506 511 3
15 1 506 512 23
6 8 507 527 46
14 6 507 515 22
15 7 507 521 1
5 6 508 522 6
8 5 508 520 6
2 15 509 517 47
3 8 509 523 1
7 5 509 523 1
8 10 509 509 2
10 5 509 513 38
12 13 509 524 47
1 11 510 510 6
3 10 510 518 2
12 1 510 521 1
12 9 510 524 5
13 11 510 530 3
10 10 511 513 4
0 7 512 517 42
5 14 512 519 35
12 8 512 526 1
2 0 513 533 10
2 4 513 515 38
2 8 513 520 22
2 12 513 530 13
3 1 513 523 6
4 13 513 519 1
5 4 513 527 31
8 4 513 526 2
8 8 513 522 2
8 10 513 532 3
0 9 514 527 5
1 13 514 523 19
4 7 514 534 5
11 15 514 515 2
14 3 514 524 1
15 4 514 534 3
15 6 514 524 1
8 1 515 519 2
8 6 515 522 8
14 11 515 531 1
3 0 516 517 42
6 6 516 524 1
1 10 517 524 15
2 13 517 523 29
7 1 517 527 4
10 15 517 527 42
11 3 517 529 1
13 3 517 523 19
14 7 517 526 5
14 14 517 527 40
14 15 517 536 6
15 1 517 520 64
0 8 518 527 8
0 13 518 528 32
1 3 518 529 27
1 4 518 535 1
3 7 518 533 5
4 6 518 521 2
6 12 518 519 2
12 3 518 530 2
5 3 519 529 19
6 9 519 534 1
6 10 519 528 37
0 2 520 535 5
4 3 520 535 15
7 12 520 526 20
9 2 520 524 10
9 5 520 534 3
14 6 520 540 23
2 1 521 539 5
5 7 521 524 2
5 10 521 529 17
7 11 521 530 9
8 0 521 541 1
3 9 522 538 6
4 1 522 522 2
4 15 522 538 1
5 14 522 526 2
9 7 522 525 1
6 7 523 535 9
6 14 523 526 58
12 0 523 542 16
13 12 523 524 1
14 9 523 541 12
1 6 524 528 3
10 6 524 525 5
12 2 524 537 1
15 0 524 528 8
9 4 525 530 2
12 14 525 544 68
13 5 525 534 9
14 13 525 527 36
15 11 525 532 2
0 10 526 542 4
1 7 526 544 27
6 12 526 546 9
7 2 526 543 63
8 13 526 544 2
11 1 526 540 58
12 5 526 543 50
15 2 526 530 34
15 14 526 539 11
0 1 527 544 29
0 5 527 542 12
1 2 527 536 15
1 8 527 541 3
2 6 527 527 2
5 0 527 547 15
10 4 527 541 9
12 8 527 532 8
6 14 528 546 17
11 14 528 533 47
12 13 528 536 4
7 1 529 543 22
11 8 529 549 7
3 13 530 543 1
5 13 530 532 20
7 10 530 539 3
12 10 530 540 1
14 2 530 538 34
3 12 531 532 17
5 5 531 534 5
5 6 531 532 26
5 8 531 542 3
6 4 531 542 1
6 10 531 537 38
6 11 531 540 8
11 2 531 532 14
13 7 531 549 56
13 11 531 546 7
1 0 532 549 5
6 1 532 541 23
6 13 532 533 3
10 10 532 540 1
13 13 532 552 6
14 0 532 544 1
15 5 532 540 51
0 7 533 541 19
6 5 533 546 19
6 15 533 541 1
9 0 533 538 11
11 11 533 545 1
0 11 534 552 41
2 8 534 552 10
2 11 534 545 1
7 7 534 548 1
1 9 535 540 1
3 12 535 539 2
9 15 535 552 24
11 10 535 543 6
13 2 535 540 7
15 9 535 540 2
2 0 536 543 1
3 3 536 544 51
14 3 536 549 4
15 8 536 541 17
15 15 536 542 1
0 0 537 546 1
3 14 537 544 77
8 1 537 551 8
9 10 537 548 1
11 14 537 547 1
13 6 537 542 16
15 1 537 548 5
15 3 537 552 8
0 8 538 549 16
6 8 538 555 1
10 11 538 541 14
0 6 539 552 39
3 10 539 542 2
10 7 539 551 40
14 1 539 551 50
14 8 539 544 36
15 6 539 551 14
0 12 540 543 67
1 1 540 555 47
2 1 540 547 1
3 5 540 559 2
3 6 540 556 21
4 14 540 544 1
10 2 540 560 15
12 8 540 549 8
13 8 540 545 54
13 9 540 540 1
2 15 541 541 23
5 4 541 543 6
7 15 541 551 11
8 3 541 542 27
0 3 542 545 9
12 15 542 551 30
6 0 543 550 9
8 5 543 543 45
11 12 543 549 79
13 1 543 558 5
15 10 543 543 16
2 5 544 558 67
7 0 544 559 73
8 9 544 558 3
10 0 544 555 60
13 14 544 550 21
3 7 545 550 4
9 0 545 546 1
9 9 545 558 78
12 9 545 556 32
3 3 546 559 1
4 8 546 551 42
6 15 546 553 1
7 11 546 552 1
8 8 546 548 5
9 14 546 564 1
14 6 546 566 2
15 7 546 565 12
2 12 547 553 3
4 1 547 549 22
6 10 547 564 1
11 6 547 548 37
14 4 547 566 1
14 8 547 565 6
2 1 548 551 1
3 9 548 554 57
6 11 548 566 1
9 0 548 560 1
9 6 548 559 1
12 14 548 560 25
1 14 549 556 40
4 2 549 551 1
14 0 549 549 6
14 11 549 556 1
3 10 550 551 1
5 6 550 556 66
11 14 550 551 47
14 7 550 561 1
15 11 550 557 33
1 7 551 564 8
6 7 551 557 9
8 14 551 571 1
9 1 551 553 3
14 13 551 559 27
1 9 552 565 42
5 7 552 571 69
9 4 552 552 29
11 0 552 552 79
11 1 552 568 11
15 15 552 557 6
2 0 553 559 8
4 9 553 558 1
13 3 553 560 4
13 6 553 558 7
13 8 553 553 12
15 13 553 554 1
0 3 554 554 10
4 2 554 571 9
5 8 554 564 85
9 11 554 556 36
12 12 554 560 18
2 2 555 572 50
2 9 555 570 2
7 4 555 559 5
10 5 555 561 2
12 4 555 565 1
12 15 555 559 1
15 8 555 564 6
0 0 556 572 2
0 8 556 556 4
1 1 556 565 8
5 13 556 560 23
5 15 556 571 17
1 2 558 562 56
6 7 558 575 49
8 5 558 578 1
6 0 559 569 2
12 0 559 561 3
13 0 559 579 82
14 3 559 574 26
0 9 560 569 35
8 13 560 566 15
10 7 560 561 1
14 0 560 561 10
9 10 561 568 57
4 12 562 574 32
5 0 562 574 16
6 12 562 569 3
7 15 562 572 92
9 2 562 569 2
9 6 562 571 8
10 1 562 566 1
12 13 562 564 1
2 6 563 578 4
3 14 563 570 2
5 3 563 567 8
10 0 563 578 24
15 2 563 569 1
15 12 563 572 50
5 10 564 569 12
7 11 564 571 2
9 7 564 569 73
10 3 564 568 15
14 1 564 566 1
4 14 565 577 3
5 2 565 572 2
6 10 565 578 1
7 2 565 582 1
12 10 565 574 38
13 15 565 566 5
0 7 566 571 27
4 15 566 585 14
8 2 566 581 18
11 11 566 586 20
14 0 566 568 10
15 9 566 570 3
2 13 567 585 94
8 1 567 582 30
11 0 567 576 8
12 11 567 577 20
14 12 567 573 3
3 3 568 587 1
5 9 568 588 7
5 12 568 581 6
7 4 568 585 98
9 15 568 572 88
10 10 568 583 14
0 14 569 573 22
12 4 569 589 99
12 9 569 589 1
13 6 569 576 61
1 7 570 571 2
6 13 570 572 41
0 6 571 586 85
3 4 571 571 1
6 6 571 574 1
7 1 571 584 3
8 9 571 587 5
10 5 571 581 6
1 0 572 591 88
1 10 572 579 32
6 4 572 577 2
7 3 572 581 85
8 6 572 574 1
11 3 572 592 33
0 5 573 587 11
1 4 573 582 2
1 11 573 592 1
3 7 573 591 48
11 4 573 573 7
12 14 573 574 2
14 14 573 586 20
0 2 574 575 2
2 0 574 593 27
3 13 574 585 58
9 8 574 591 7
10 11 574 583 24
13 9 574 590 6
1 1 575 592 1
13 5 575 576 2
1 9 576 595 36
4 4 576 589 32
5 3 576 588 5
7 10 576 579 32
12 2 576 594 65
13 12 576 590 38
15 9 576 593 100
15 13 576 592 9
0 12 577 582 5
1 7 577 586 7
3 4 577 577 62
5 6 577 582 3
14 10 577 595 15
3 15 578 593 66
5 8 578 594 1
6 5 578 579 2
9 0 578 595 8
14 11 578 597 1
0 7 579 591 2
0 10 579 582 17
3 1 579 582 1
6 1 579 594 51
6 12 579 587 29
9 12 579 586 1
9 15 579 580 5
2 12 580 586 2
8 7 580 592 18
10 1 580 584 2
11 0 580 594 1
14 3 580 582 30
15 0 580 587 74
1 12 581 588 6
4 0 581 596 1
4 12 581 594 49
8 8 581 597 41
8 14 581 596 5
10 15 581 591 77
7 14 582 583 92
10 4 582 588 4
6 4 583 601 61
6 10 583 601 53
9 5 583 599 8
11 5 583 583 5
13 10 584 601 13
15 1 584 597 1
3 9 585 598 64
9 1 585 604 72
13 11 585 596 2
15 7 585 586 62
3 4 586 591 24
3 13 586 591 6
4 14 586 590 2
5 15 586 604 5
11 6 586 597 3
13 7 586 593 82
14 1 586 604 4
15 10 586 593 6
1 15 587 600 16
6 6 587 590 78
8 15 587 595 14
10 7 587 591 27
10 10 587 587 36
11 9 587 603 6
15 12 587 604 89
0 11 588 595 20
3 14 588 606 11
12 6 588 604 5
12 11 588 595 21
2 1 589 601 29
5 14 590 606 1
6 3 590 594 10
8 12 590 608 112
9 6 590 597 14
10 11 590 599 13
1 5 591 597 1
2 12 592 607 51
3 11 592 603 3
4 5 592 596 7
6 13 592 597 46
10 6 592 603 12
11 7 592 602 12
11 8 592 611 84
15 0 592 594 56
3 3 593 605 2
9 13 593 597 63
12 4 593 598 21
12 15 593 607 22
7 3 594 610 28
11 4 594 596 17
12 1 594 600 2
12 3 594 612 29
12 5 594 597 8
13 5 594 614 1
14 6 594 600 22
15 4 594 595 31
7 5 595 599 15
11 14 595 597 16
15 8 595 597 25
5 1 596 601 3
7 1 596 596 96
8 6 596 609 9
8 10 596 598 1
10 14 596 597 28
11 13 596 607 61
14 15 596 596 21
0 13 597 599 1
1 11 597 610 1
3 6 597 601 7
8 1 597 601 3
8 9 597 611 3
10 13 597 607 1
11 3 597 597 15
1 8 598 602 3
3 13 598 607 46
5 6 598 599 42
6 2 598 607 20
6 5 598 613 25
6 14 598 613 38
10 9 598 617 1
5 3 599 604 1
5 8 599 599 8
7 11 599 614 7
8 15 599 618 12
9 10 599 601 25
11 2 599 601 2
15 4 599 619 10
4 5 600 620 7
12 12 600 604 81
12 9 601 616 3
8 7 602 612 4
9 9 602 608 2
10 8 602 611 2
4 4 603 620 2
4 12 603 611 31
5 0 603 621 8
5 6 603 603 58
5 8 603 619 7
6 1 603 611 9
6 9 603 609 114
8 4 604 617 30
15 15 604 617 1
0 14 605 617 38
2 10 605 608 40
3 9 605 609 3
5 4 605 606 21
6 13 605 605 8
12 10 605 622 34
0 7 606 618 27
4 15 606 615 3
12 6 606 606 2
14 5 606 612 2
15 8 606 613 40
8 2 607 613 4
15 5 607 608 77
0 2 608 611 14
9 2 608 608 2
11 3 608 621 1
14 11 608 608 5
15 1 608 624 10
15 9 608 615 20
5 13 609 617 2
10 0 609 613 3
12 15 609 628 16
2 13 610 615 103
4 10 610 629 53
6 0 610 627 24
9 2 610 618 4
9 6 610 625 2
10 10 610 618 18
11 4 610 627 53
12 11 610 612 53
3 0 611 627 3
9 7 611 625 1
12 8 611 620 1
14 4 611 627 1
0 13 612 621 2
1 5 612 624 12
3 12 612 617 2
5 15 612 617 2
6 7 612 618 3
7 0 612 615 27
7 1 612 622 11
10 6 612 630 1
11 15 612 613 14
13 3 612 616 18
15 14 612 614 27
1 11 613 615 35
12 3 613 616 7
12 14 613 632 76
13 12 613 620 1
14 9 613 613 47
15 6 613 622 1
4 2 614 633 10
14 9 614 616 13
14 13 614 628 11
3 2 615 629 78
6 11 615 625 23
8 6 615 616 4
12 2 615 618 45
11 6 616 633 20
13 8 616 629 1
15 5 616 620 1
4 3 617 624 58
6 6 617 636 7
2 10 618 638 1
4 7 618 626 6
6 3 618 626 23
7 2 618 635 30
7 3 618 625 3
8 2 618 625 5
10 7 618 618 114
10 11 618 620 2
1 14 619 632 28
6 2 619 622 29
8 5 619 620 49
8 14 619 622 4
14 9 619 634 145
1 2 620 637 2
8 1 620 638 7
9 8 620 632 4
10 3 620 629 98
2 5 621 627 5
3 13 621 633 16
4 0 621 628 2
4 15 621 637 4
9 0 621 632 10
11 9 621 630 96
11 13 621 637 14
4 4 622 631 21
7 15 622 625 21
10 15 622 629 13
12 7 622 635 62
15 8 622 638 1
0 10 623 637 32
0 12 623 633 1
6 1 623 636 3
9 1 623 633 5
10 5 623 628 29
10 11 623 643 6
15 3 623 624 6
3 4 624 640 8
3 10 624 635 2
4 8 624 630 7
10 2 624 635 24
12 5 624 628 124
0 5 625 636 15
9 11 625 643 1
12 0 625 639 2
13 0 625 625 57
3 1 626 644 22
3 9 626 639 58
4 12 626 644 12
11 11 626 642 89
4 9 627 640 141
10 1 627 633 32
14 1 627 646 85
14 14 627 640 4
15 3 627 627 74
5 0 628 628 4
5 14 628 633 4
8 5 628 630 9
8 15 628 635 7
13 10 628 638 9
0 0 629 633 12
5 7 629 646 46
11 4 629 643 112
12 6 629 636 2
14 11 629 647 1
15 1 629 640 1
15 14 629 638 38
0 3 630 643 28
3 11 630 635 13
4 11 630 642 74
14 8 630 635 104
0 4 631 651 25
5 5 631 632 94
9 10 631 636 5
9 12 631 633 24
11 5 631 650 65
8 0 632 632 1
13 12 632 644 64
1 1 633 641 11
1 13 633 644 34
10 6 633 653 37
14 4 633 634 1
2 1 634 649 1
2 8 634 644 2
11 0 634 637 3
14 6 634 649 32
5 1 635 643 62
8 2 635 644 41
9 0 635 635 21
12 8 635 641 59
15 7 635 642 1
7 12 636 651 11
9 7 636 636 3
15 0 636 637 6
0 15 637 640 4
3 7 637 649 10
3 13 637 654 95
8 5 637 637 11
9 2 637 643 155
12 3 637 647 1
1 10 638 654 67
1 15 638 648 6
6 0 638 646 125
6 13 638 649 38
12 2 638 653 19
0 8 639 647 43
5 2 639 640 88
8 6 639 647 13
11 15 639 645 1
15 12 639 652 6
9 10 640 651 2
12 5 640 652 3
12 15 640 651 6
13 0 640 641 7
13 7 640 642 9
13 8 640 655 12
14 7 640 644 1
0 11 641 657 80
1 5 641 646 48
4 1 641 654 162
8 8 641 658 11
10 3 641 650 27
12 9 641 645 18
14 5 641 647 102
8 13 642 655 2
11 1 642 662 5
15 2 642 643 53
1 8 643 658 4
3 11 643 650 77
6 1 643 659 134
9 3 643 655 88
11 2 643 659 2
11 11 643 661 56
12 8 643 653 3
2 2 645 661 1
4 6 645 655 60
6 10 645 665 4
6 14 645 655 1
10 11 645 663 28
0 5 646 664 35
1 2 646 662 2
1 7 646 665 120
2 9 646 656 72
3 6 646 660 1
6 8 646 665 62
6 12 646 655 5
9 5 646 660 11
10 13 646 648 4
15 7 646 653 1
2 0 647 656 61
13 12 647 657 12
15 0 647 650 14
3 9 648 650 3
6 6 648 656 9
0 10 649 664 77
8 6 649 649 1
1 5 650 666 131
3 14 650 664 3
5 12 650 655 4
6 5 650 665 1
8 6 650 660 7
4 3 651 663 56
5 14 651 666 17
12 11 651 658 1
3 4 652 670 19
3 10 652 653 2
8 2 652 655 2
11 3 652 666 61
11 6 652 660 3
2 11 653 670 1
7 8 653 662 6
11 4 653 672 63
13 7 653 664 9
13 15 653 659 85
7 11 654 656 23
7 12 654 660 1
9 10 654 664 5
13 4 654 655 15
0 1 655 658 8
1 15 655 673 12
7 15 655 660 5
8 1 655 657 6
13 3 655 664 146
14 4 655 659 15
1 10 656 674 2
4 2 656 660 2
5 11 656 659 1
10 2 656 661 1
10 10 656 666 95
12 1 656 676 8
12 13 656 670 30
5 1 657 660 3
7 0 657 658 28
8 9 657 673 43
9 8 657 662 1
12 3 657 671 1
12 14 657 677 10
15 13 657 664 3
10 7 658 658 99
0 11 659 660 1
2 10 659 665 87
4 7 659 674 95
6 11 659 675 51
8 7 659 663 1
13 0 659 659 121
14 15 659 670 183
15 0 659 671 18
4 4 660 663 13
10 8 660 675 30
14 5 660 680 4
4 6 661 675 66
5 7 661 675 1
8 3 661 681 2
13 8 661 661 3
3 2 662 664 1
1 12 663 683 1
2 3 663 667 75
6 4 663 668 1
7 11 663 677 5
9 0 663 670 2
9 5 663 674 6
11 2 663 670 67
13 1 663 672 1
2 2 664 669 3
7 5 664 676 1
10 6 664 677 3
10 14 664 668 7
14 4 664 670 76
0 0 665 668 4
3 13 665 671 4
0 7 666 674 22
5 9 666 679 28
7 4 666 674 1
7 9 666 668 2
9 13 666 674 9
10 15 666 676 19
12 6 666 666 25
12 12 666 683 48
3 6 667 670 59
6 1 667 671 6
7 3 667 687 14
9 4 667 686 5
10 12 667 678 4
12 9 667 673 6
15 12 667 670 5
0 10 668 688 1
1 3 668 678 56
5 8 668 671 5
2 13 669 673 1
4 1 669 685 19
5 12 669 687 11
13 15 669 670 52
6 0 670 684 34
11 3 670 672 3
12 15 670 679 26
1 1 671 679 2
2 6 671 688 12
10 1 671 676 1
12 5 671 680 24
13 0 671 679 88
13 5 671 673 4
1 0 672 673 20
1 14 672 681 19
2 12 672 678 47
4 9 672 687 4
8 1 672 681 5
12 10 672 686 38
15 7 672 683 82
0 3 673 683 6
0 11 673 679 28
1 4 673 673 45
13 3 673 675 71
1 8 674 674 3
6 6 674 675 208
9 14 674 675 80
11 5 674 681 110
12 7 674 676 1
15 4 674 694 10
15 9 674 683 5
2 0 675 675 210
4 10 675 690 1
11 1 675 689 80
13 7 675 691 18
14 8 675 685 52
15 1 675 676 2
15 6 675 695 1
9 9 676 696 1
13 6 676 687 1
0 5 677 684 120
5 1 677 678 8
5 8 677 684 206
7 2 677 696 189
7 14 677 696 1
9 13 677 687 7
13 9 677 692 94
15 11 677 682 1
12 8 678 692 18
14 0 678 679 25
2 1 679 699 213
7 15 679 696 12
11 13 679 692 13
2 15 680 683 32
4 0 680 683 1
7 0 680 698 152
8 12 680 683 217
10 3 680 686 5
10 14 680 683 16
13 2 680 689 88
5 5 681 700 60
6 13 681 691 1
9 6 681 683 18
0 12 682 693 1
1 9 682 692 5
2 13 682 686 19
6 15 682 695 9
10 11 682 695 8
8 5 683 693 3
10 9 683 700 60
12 13 683 687 1
14 11 683 703 8
1 13 684 697 2
4 8 684 704 1
8 13 684 701 38
5 14 685 687 75
8 1 685 689 90
13 12 685 701 30
1 4 686 706 3
2 9 686 698 78
8 9 686 702 1
9 8 686 695 27
10 13 686 690 225
12 3 686 700 78
14 10 686 696 79
15 8 686 703 89
0 3 687 699 1
4 6 687 695 2
5 9 687 694 79
15 3 687 689 2
3 1 688 706 81
3 3 688 699 6
5 6 688 695 34
11 15 688 691 32
13 0 688 699 1
2 0 689 704 17
3 5 689 692 86
5 3 689 695 101
10 15 689 698 2
12 5 689 708 107
12 12 689 705 19
14 9 689 691 34
15 15 689 692 77
4 13 690 698 1
5 7 690 703 94
6 12 690 698 1
7 10 690 702 52
10 8 690 698 37
12 0 690 704 26
9 11 691 704 209
9 15 691 709 34
11 8 691 704 6
11 9 691 706 97
5 8 693 708 4
12 14 693 710 4
13 5 693 709 27
7 13 694 708 2
8 14 694 701 65
10 4 694 703 3
11 7 694 700 1
2 15 695 707 1
4 12 696 715 2
6 15 696 716 43
7 8 696 710 1
10 0 696 696 35
10 5 696 716 1
13 7 696 704 4
13 8 696 713 1
8 6 697 697 46
1 11 699 716 5
5 14 699 712 4
14 3 699 719 39
15 15 699 712 29
5 0 700 701 33
5 1 700 717 3
6 1 700 701 27
9 6 700 705 72
10 7 700 704 1
14 10 700 704 15
7 5 701 707 194
7 6 701 703 8
5 2 702 709 67
9 0 702 718 64
9 7 702 721 3
11 12 702 717 1
12 8 702 702 20
4 0 703 707 11
15 12 703 714 1
0 11 704 721 9
2 4 704 706 9
4 9 704 705 1
10 4 704 704 6
13 14 704 717 164
2 11 705 712 3
2 14 705 715 95
4 15 705 721 1
13 0 705 711 18
14 12 705 714 1
6 6 706 711 15
8 8 706 726 105
14 8 706 716 4
1 8 707 717 4
5 4 707 707 33
6 5 707 715 156
6 9 707 711 1
6 14 707 714 1
8 7 707 725 84
10 11 707 714 25
14 4 707 712 4
2 0 708 708 4
8 5 708 719 3
14 11 708 712 125
0 8 709 711 226
9 8 709 727 49
10 1 709 715 4
11 0 709 720 5
12 7 709 712 27
13 15 709 711 116
14 13 709 711 11
0 13 710 729 7
6 2 710 727 5
9 5 710 718 5
15 3 710 714 190
2 10 711 717 15
4 6 711 726 120
6 0 711 728 3
9 2 711 714 1
12 4 711 711 193
15 11 711 714 3
1 10 712 713 78
8 10 712 722 68
15 0 712 732 67
0 2 713 732 13
1 14 713 732 2
5 10 713 729 68
8 0 713 727 1
12 7 713 714 28
15 9 713 728 34
2 15 714 719 28
8 1 714 716 60
8 11 714 722 76
13 7 714 731 277
1 6 715 729 8
3 4 715 731 188
7 7 715 725 182
10 13 715 730 12
7 11 716 720 2
9 3 716 727 207
9 13 716 721 1
14 7 716 717 129
15 5 716 717 260
0 4 717 731 10
3 11 717 734 32
7 5 717 721 5
10 12 717 727 1
3 13 718 723 51
5 1 718 719 1
6 11 718 724 3
7 2 718 723 2
12 6 718 737 1
12 14 718 728 4
12 15 718 733 32
14 9 718 731 34
7 9 719 739 157
8 13 719 719 91
10 8 719 721 30
3 12 720 721 5
3 15 720 730 4
5 2 720 725 2
8 12 720 720 2
15 3 720 724 1
10 0 721 721 141
13 4 721 730 3
1 15 722 728 2
3 7 722 732 12
5 13 722 726 2
8 1 722 725 97
15 1 722 730 77
2 3 723 743 66
3 2 723 726 222
4 2 723 730 56
6 4 723 730 15
7 8 723 731 1
7 12 723 726 13
12 0 723 723 41
15 5 723 728 17
5 15 724 726 46
10 7 724 737 4
1 3 725 740 43
9 13 725 734 28
3 10 726 731 48
9 12 726 729 2
14 11 726 734 1
9 5 727 733 1
4 13 728 728 12
6 13 728 731 231
15 3 728 742 21
0 8 729 737 47
2 5 729 746 18
6 8 729 737 7
6 10 729 729 17
10 0 729 742 116
12 5 729 740 67
13 14 729 733 9
14 5 729 741 6
1 9 730 734 22
4 0 730 732 1
8 8 730 749 67
12 8 730 749 10
15 4 730 749 269
15 12 730 731 61
2 8 731 739 9
13 10 731 747 64
2 10 732 746 2
4 14 732 742 118
8 3 732 746 84
8 10 732 744 86
12 14 732 745 63
0 10 733 736 24
3 9 733 743 2
6 2 733 743 2
8 13 733 739 36
11 15 733 751 3
12 12 733 746 23
14 6 733 750 5
0 14 734 743 2
1 6 734 737 12
6 1 734 735 191
7 12 734 749 1
9 0 735 741 15
10 5 735 745 13
10 8 735 737 3
0 9 736 740 43
4 15 736 739 161
6 4 736 754 55
10 3 736 748 14
12 9 736 736 46
13 11 736 740 148
14 7 736 751 190
15 5 736 749 1
0 11 737 757 22
2 15 737 741 1
8 9 737 740 2
10 14 737 755 6
11 2 737 745 7
15 1 737 754 1
1 0 738 746 247
6 12 738 755 47
1 12 739 752 2
2 6 739 751 1
15 10 739 756 1
15 13 739 746 12
0 12 740 740 4
3 3 740 742 189
5 3 741 742 4
5 12 741 744 148
11 3 741 750 5
14 9 741 749 22
14 12 741 760 1
0 8 743 749 6
1 11 743 752 15
3 4 743 750 51
8 0 743 750 3
8 1 743 747 60
2 12 744 747 1
2 14 744 756 59
4 13 744 747 1
5 2 744 761 2
6 2 744 752 15
9 15 744 755 63
11 8 744 756 8
12 3 744 761 59
2 3 745 759 89
15 0 745 745 14
2 7 746 760 12
9 2 746 757 14
9 10 746 746 42
11 11 746 757 5
13 4 746 749 6
7 6 747 754 300
10 7 747 750 1
12 5 747 754 27
6 13 748 759 1
7 11 748 759 3
10 10 748 753 230
12 11 748 763 22
14 1 748 767 26
0 6 749 754 2
3 3 749 767 4
4 9 749 755 1
4 14 749 766 13
5 3 749 759 6
6 14 749 763 134
8 3 749 757 4
9 7 749 751 78
1 5 750 754 100
1 8 750 754 1
2 2 750 755 10
2 8 750 769 6
4 2 750 765 7
5 0 750 769 82
8 5 750 756 3
13 8 750 754 53
0 12 751 766 306
1 13 751 754 19
2 9 751 765 104
3 1 751 767 337
5 13 751 756 29
6 3 751 765 13
12 13 751 759 77
14 9 751 754 7
14 13 751 754 8
4 15 752 759 138
7 0 752 754 108
9 5 752 755 1
9 9 752 761 12
9 13 752 756 3
15 6 752 752 76
0 4 753 771 202
1 10 753 769 5
4 8 753 760 111
9 10 753 769 137
10 3 753 770 345
10 5 753 762 20
11 4 753 766 9
11 5 753 758 19
12 12 753 766 167
14 0 753 769 68
0 14 754 766 102
10 12 754 760 4
1 6 755 761 58
5 5 755 773 1
8 6 755 771 13
9 7 755 763 8
12 0 755 768 4
13 3 755 771 7
13 10 755 769 1
7 13 756 762 186
12 6 756 756 1
2 12 757 772 19
5 6 757 775 2
12 4 757 772 24
15 13 757 763 1
0 10 758 768 119
1 4 758 761 2
7 15 758 767 5
9 0 758 761 2
9 2 758 774 43
9 4 758 770 158
11 0 758 774 3
14 3 758 774 134
15 4 758 768 31
15 8 758 763 159
0 0 759 764 3
6 6 759 776 4
7 14 759 759 155
8 14 759 778 74
12 2 759 760 31
14 8 759 764 91
4 6 760 761 3
6 4 760 774 93
11 6 760 779 23
12 10 760 765 1
1 5 761 780 22
2 13 761 773 84
4 15 761 761 2
6 11 761 776 1
9 11 761 775 338
11 1 761 770 13
8 0 762 764 8
8 7 762 763 10
9 1 762 764 63
9 6 762 780 17
7 0 763 769 43
8 5 763 765 5
10 7 763 780 37
14 14 763 775 300
0 11 764 764 39
0 13 764 773 160
1 6 764 770 7
2 6 764 781 3
3 4 764 772 4
5 4 764 781 9
15 5 764 768 1
5 3 766 777 80
6 1 766 771 1
7 4 766 769 13
1 11 767 787 386
1 12 767 775 8
11 7 767 771 58
11 10 767 787 4
12 3 767 782 1
12 15 767 782 65
15 9 767 775 6
0 1 768 786 243
3 7 768 770 6
4 6 768 770 10
5 8 768 776 12
6 2 768 772 14
4 14 769 787 30
14 10 769 770 1
2 2 770 780 52
4 8 770 770 34
8 8 770 773 12
13 5 770 772 7
15 3 770 785 35
1 8 771 786 2
2 0 771 785 1
5 7 771 773 361
11 14 771 780 29
12 6 771 776 17
15 11 771 771 3
0 0 772 792 75
0 9 772 787 3
2 4 772 788 2
13 10 772 792 142
0 4 773 786 2
2 9 773 775 8
3 6 773 790 1
4 10 773 776 13
8 10 773 781 23
12 7 773 790 1
14 7 773 788 194
0 2 774 774 12
1 7 774 785 14
2 7 774 789 22
11 1 774 775 27
4 4 775 781 83
6 12 775 783 80
7 10 775 788 182
10 13 775 790 86
15 4 775 792 61
3 11 776 789 12
4 3 776 777 3
13 14 776 787 5
1 12 777 778 115
6 4 777 792 1
9 9 777 778 115
12 10 777 786 289
13 1 777 778 2
15 13 777 785 3
0 15 778 789 186
3 3 778 787 1
4 11 778 797 19
5 15 778 787 4
7 11 778 790 8
11 4 778 796 9
0 6 779 781 3
2 10 779 793 8
5 1 779 782 201
6 11 779 799 137
8 6 779 792 1
9 12 779 794 31
10 15 779 797 1
15 10 779 793 205
7 9 780 793 19
12 6 780 783 63
12 8 780 781 36
13 15 780 789 23
15 12 780 780 33
2 9 781 785 139
3 7 781 796 6
4 15 781 791 2
8 2 781 793 1
11 3 781 789 2
8 9 782 785 59
12 1 782 785 116
7 12 783 801 2
9 9 783 802 8
15 6 783 791 159
1 0 784 792 11
10 1 784 799 48
11 6 784 787 2
14 4 784 800 28
4 4 785 802 39
5 11 785 787 23
12 11 785 789 1
0 5 786 804 29
5 8 786 787 197
6 14 786 800 225
11 14 786 797 262
13 6 786 790 32
0 3 787 806 1
0 14 787 787 250
3 12 787 789 263
6 1 787 799 56
10 0 787 794 125
14 1 787 791 83
15 14 787 792 1
0 14 788 798 1
1 2 788 804 116
5 11 788 805 105
9 4 788 798 26
14 9 788 798 113
7 10 789 807 68
9 10 789 802 29
10 6 789 796 12
14 3 789 790 73
1 8 790 805 355
3 12 790 795 44
6 0 790 810 223
8 13 790 809 41
15 2 790 793 131
15 3 790 799 4
1 10 791 793 37
12 9 791 806 4
13 7 791 793 2
15 11 791 811 30
1 1 792 804 1
1 15 792 806 50
4 3 792 794 41
6 6 792 806 80
1 12 793 810 2
2 7 793 794 18
5 6 793 796 4
8 1 793 798 2
11 8 793 813 13
3 13 794 798 5
8 3 794 795 5
11 3 794 798 153
13 4 794 811 148
15 8 794 809 123
2 7 795 800 42
3 1 795 812 124
7 4 795 795 46
15 2 795 795 72
0 2 796 815 64
2 13 796 799 5
6 8 796 816 477
7 2 796 812 51
10 11 796 799 3
11 9 796 816 217
11 13 796 803 48
13 15 796 796 38
3 12 797 814 366
4 15 797 799 45
10 2 797 807 178
10 13 797 807 59
11 4 797 802 3
12 15 797 799 6
4 11 798 798 46
13 2 798 809 223
14 3 798 798 15
14 6 798 805 14
14 8 798 806 26
14 15 798 801 4
1 0 799 805 4
1 3 799 805 92
3 13 799 802 127
7 11 799 803 1
11 15 799 813 92
12 13 799 799 83
14 11 799 800 17
1 10 800 806 6
8 10 800 808 501
13 9 800 807 227
3 6 801 816 81
4 0 801 811 26
5 2 801 802 87
5 6 801 812 2
7 9 801 809 62
9 1 801 802 102
12 0 801 805 139
0 9 802 818 146
2 15 802 809 13
3 10 802 802 168
11 2 802 807 7
3 11 803 818 92
3 14 803 807 2
4 10 803 812 452
7 3 803 807 500
12 4 803 819 2
13 11 803 822 6
15 0 803 807 12
15 14 803 817 185
13 6 804 810 78
13 12 804 808 1
14 0 804 812 7
15 15 804 816 14
0 7 805 810 177
0 13 805 818 180
3 7 805 825 1
4 6 805 810 5
7 13 805 813 5
9 8 805 805 2
2 10 806 812 9
3 0 806 809 66
10 3 806 826 19
10 5 806 817 121
11 5 806 817 13
13 10 806 813 16
14 11 806 826 1
15 3 806 822 8
2 3 807 821 78
9 9 807 811 34
12 5 807 824 242
15 12 807 815 9
2 2 808 821 27
11 13 808 822 27
15 7 808 820 15
1 13 809 814 18
3 8 809 809 19
6 15 809 818 5
9 5 809 811 1
11 2 809 825 9
12 15 809 824 21
0 3 810 810 24
1 11 810 817 15
4 1 810 810 3
7 1 810 820 9
14 6 810 821 74
14 9 810 818 40
3 4 811 816 128
5 0 811 820 426
6 1 811 822 18
6 12 811 815 1
9 6 811 812 17
10 0 811 811 59
12 6 811 821 1
14 14 811 828 3
15 13 811 820 23
1 15 812 817 394
3 8 812 818 44
13 6 812 819 418
0 3 813 819 64
5 7 813 815 21
5 9 813 826 44
11 10 813 816 232
13 7 813 828 77
0 12 814 824 4
1 0 814 833 210
1 4 814 825 2
8 9 814 817 285
9 10 814 822 64
10 6 814 814 3
13 10 814 818 167
3 1 815 818 44
8 12 815 822 1
10 0 815 820 43
11 3 815 827 1
1 9 816 826 6
1 14 816 831 5
6 6 816 830 5
13 2 816 831 6
3 5 817 835 10
14 7 817 836 81
3 15 818 837 5
7 4 818 818 3
7 5 818 830 1
10 11 818 827 108
12 2 818 830 7
14 8 818 826 25
9 0 819 825 3
12 10 819 827 484
2 1 820 834 172
4 0 820 821 59
11 10 820 830 12
14 10 820 820 3
0 13 821 839 61
8 7 821 834 96
15 8 821 825 386
15 10 821 837 143
0 0 822 840 1
0 14 822 839 5
2 10 822 825 215
5 2 822 823 11
5 4 822 829 58
7 7 822 841 11
7 10 822 836 128
0 3 823 825 228
7 9 823 824 416
9 7 823 830 220
9 9 823 829 228
10 15 823 843 5
13 1 823 840 9
13 12 823 840 7
14 12 823 825 536
3 6 824 844 12
0 15 825 825 583
1 15 825 837 229
6 5 825 834 35
12 6 825 831 44
6 8 826 835 168
0 2 827 836 449
1 10 827 843 260
3 9 827 847 36
4 1 827 831 6
11 4 827 840 230
12 3 827 839 1
0 1 828 842 131
0 10 828 829 64
4 3 828 829 70
10 4 828 848 7
4 11 829 843 6
5 12 829 843 225
7 11 829 835 281
13 15 829 844 326
0 4 830 848 82
5 6 830 845 6
10 7 830 849 28
11 14 830 843 34
2 0 831 839 13
5 11 831 834 284
6 14 831 845 164
7 3 831 848 207
11 0 831 834 1
15 6 831 843 15
15 8 831 835 58
1 6 832 834 11
3 4 832 838 1
5 4 832 834 338
6 10 832 842 161
6 12 832 845 14
10 12 832 843 7
13 4 832 837 1
2 15 833 839 1
8 8 833 841 67
13 8 833 851 12
14 9 833 841 7
15 15 833 837 7
5 3 834 834 3
6 0 834 836 3
7 6 834 837 189
9 15 834 844 1
13 7 834 850 317
14 0 834 846 2
3 3 835 842 122
4 15 835 841 38
6 3 835 846 297
11 2 835 836 3
11 9 835 842 3
1 9 836 856 44
2 5 836 843 245
9 14 836 852 8
10 14 836 846 11
5 8 837 843 2
6 2 837 842 144
10 1 837 855 7
2 11 838 845 15
3 10 838 845 19
3 13 838 849 72
13 6 838 845 444
15 5 838 843 40
2 3 839 850 176
7 12 839 853 318
11 10 839 839 175
11 15 839 852 28
14 14 839 857 94
4 4 840 858 6
4 12 840 850 48
10 11 840 859 22
12 6 840 847 1
1 4 841 860 9
10 6 841 845 11
11 5 841 846 12
0 14 842 846 13
15 1 842 861 66
15 8 842 848 416
2 0 843 853 10
8 14 843 851 3
14 1 843 857 487
2 14 844 845 189
3 8 844 864 1
9 4 844 861 174
13 11 844 845 15
14 15 844 848 3
15 13 844 856 2
0 8 845 849 2
7 8 845 851 63
7 14 845 865 1
8 2 845 856 177
10 12 845 845 1
12 1 845 857 49
4 14 846 849 2
8 3 846 863 1
9 3 846 846 302
0 6 847 862 20
2 4 847 851 404
5 8 847 860 205
6 11 847 867 613
7 0 847 866 172
7 2 847 866 1
7 9 847 853 1
7 11 847 850 12
7 15 847 863 140
8 9 847 849 7
1 14 848 856 4
3 7 848 852 57
5 3 848 854 2
6 5 848 851 2
8 6 848 849 88
13 10 848 861 163
9 8 849 851 9
5 4 850 854 1
11 5 850 855 68
12 14 850 862 8
14 7 850 852 2
14 9 850 856 78
1 12 851 869 1
4 5 851 852 57
6 12 851 854 1
11 1 851 852 67
0 5 852 855 8
2 6 852 870 674
4 6 852 858 368
5 9 852 869 106
12 5 852 854 144
12 8 852 859 19
12 13 852 872 21
13 0 852 864 3
1 2 853 855 2
2 4 853 871 2
9 15 853 859 1
11 12 853 855 10
2 1 854 855 10
11 8 854 871 3
11 10 854 855 99
14 7 854 873 1
3 7 855 858 17
9 2 855 871 1
0 14 856 871 85
1 8 856 869 11
2 5 856 874 701
5 0 856 862 2
5 3 856 870 750
6 6 856 874 10
9 8 856 871 735
12 10 856 863 30
13 15 856 862 31
15 2 856 876 360
15 4 856 860 730
0 12 857 866 10
1 10 857 861 4
5 7 857 877 141
7 7 857 875 1
11 3 857 858 2
12 12 857 869 654
2 2 858 865 84
6 8 858 872 5
8 0 858 877 2
10 3 858 872 10
14 10 858 859 13
5 13 859 869 17
10 4 859 879 158
12 4 859 867 16
12 11 859 862 56
15 12 859 860 209
15 14 860 876 2
2 15 861 873 40
5 11 861 874 66
6 5 861 862 405
6 7 861 861 42
9 11 861 870 1
2 1 862 863 236
4 3 862 879 6
10 15 862 874 50
12 7 862 870 335
15 4 862 863 50
4 11 863 874 2
8 8 863 876 382
12 14 863 866 2
13 5 863 873 140
14 2 863 865 6
7 9 864 875 2
9 13 864 877 64
1 1 865 881 159
3 2 865 883 17
7 4 865 879 35
9 6 865 865 20
12 5 865 878 4
13 2 865 872 469
14 1 865 872 99
6 1 866 867 107
6 14 866 867 1
9 1 866 874 6
10 9 866 866 1
14 5 866 885 115
3 10 867 879 143
6 15 867 880 16
9 6 867 883 756
15 6 867 872 258
2 8 868 887 180
7 11 868 879 111
10 5 868 885 107
11 0 868 870 23
14 0 868 877 6
14 12 868 868 768
15 5 868 870 1
15 10 868 877 15
3 11 869 884 2
7 2 869 873 1
7 6 869 876 15
8 1 869 877 58
8 6 869 884 315
11 14 869 889 650
14 15 869 870 323
2 0 870 875 152
4 8 870 880 403
6 7 870 878 18
8 4 870 883 633
10 1 870 872 19
10 7 870 876 553
14 6 870 881 260
15 11 870 875 51
3 15 871 878 681
6 0 871 887 14
7 12 871 873 20
9 11 871 876 24
10 0 871 891 240
10 8 871 880 3
11 2 871 884 1
12 12 871 885 15
14 8 871 884 2
15 7 871 877 1
5 12 872 878 84
6 10 872 888 2
9 4 872 875 293
14 2 872 872 3
2 1 873 876 5
3 13 873 883 78
8 9 873 890 20
9 9 873 886 47
12 15 873 887 65
13 12 873 887 27
7 13 874 892 189
10 10 874 876 143
10 14 874 891 407
13 8 874 877 3
6 14 875 886 1
9 2 875 884 1
12 6 875 876 5
13 2 875 879 1
15 12 875 894 411
15 13 875 893 50
1 6 876 883 67
11 12 876 889 7
12 11 876 888 148
3 6 877 890 29
4 5 877 880 584
4 9 877 889 3
7 9 877 884 12
9 7 877 887 3
11 5 877 879 3
0 12 878 880 31
2 11 878 897 11
3 14 878 897 76
4 4 878 884 8
15 11 878 885 1
5 0 879 879 17
5 4 879 889 31
7 3 879 890 102
0 8 880 885 2
1 15 880 893 24
2 10 880 887 6
12 13 880 886 315
13 14 880 892 1
15 2 880 884 28
4 2 881 895 29
5 2 881 885 3
5 7 881 886 4
9 0 881 885 294
9 5 881 897 483
14 14 881 890 228
15 15 881 894 67
8 1 882 886 703
13 8 882 890 2
5 3 883 899 3
8 5 883 900 2
11 8 883 899 11
14 1 883 903 22
5 12 884 891 37
10 13 884 887 263
13 0 884 893 314
7 1 885 892 3
7 2 885 905 271
9 2 885 894 115
13 5 885 898 90
0 2 886 889 458
3 9 886 905 95
12 4 886 891 4
1 14 887 889 6
6 8 887 897 2
10 4 887 887 4
11 3 887 893 288
11 6 887 894 11
14 12 887 904 9
14 13 887 891 618
1 2 888 893 1
7 5 888 897 3
9 10 888 904 2
10 2 888 898 2
11 0 888 901 1
15 6 888 898 29
4 13 889 890 40
5 6 889 890 21
6 2 889 905 1
6 15 889 893 156
7 12 889 889 1
3 10 890 897 4
15 4 890 891 139
15 9 890 902 74
0 1 891 903 200
2 1 891 907 47
2 9 891 895 756
3 1 891 896 210
4 9 891 897 19
6 3 891 900 121
14 5 891 899 6
4 10 892 894 365
5 5 892 909 18
10 4 892 899 12
0 10 893 897 2
0 15 893 900 855
2 0 893 906 44
7 10 893 903 254
8 12 893 913 31
14 3 893 904 3
15 3 893 894 70
3 13 894 904 184
7 11 894 903 2
11 4 894 909 7
12 14 894 895 20
13 3 894 908 508
2 12 895 912 53
4 12 895 915 48
7 15 895 907 271
8 7 895 902 3
8 11 895 903 137
11 6 895 912 13
11 10 895 914 1
9 15 896 903 5
12 12 896 898 458
13 10 896 898 31
1 3 897 908 1
6 7 897 908 583
9 12 897 902 64
15 13 897 913 50
0 0 898 901 89
0 10 898 901 21
0 11 898 902 27
1 0 898 912 7
1 12 898 902 43
5 10 898 903 5
7 14 898 908 21
10 15 898 913 2
13 6 898 913 18
1 1 899 915 13
1 11 899 899 134
7 13 899 904 4
9 6 899 905 3
10 3 899 913 237
12 1 899 909 3
12 3 899 907 434
3 3 900 907 33
6 4 900 902 10
1 11 901 913 1
4 2 901 906 1
5 14 901 903 203
12 14 901 910 304
0 4 902 913 10
1 6 902 922 10
2 15 902 919 99
3 6 902 910 34
3 10 902 922 709
6 9 902 915 43
7 9 902 914 1
10 10 902 910 26
0 7 903 919 675
1 15 903 906 999
4 4 903 903 6
6 4 903 914 8
11 9 903 907 59
12 4 903 923 1
13 8 903 917 839
14 2 903 905 3
0 13 904 911 28
5 3 904 912 59
10 13 904 916 10
12 8 904 921 6
14 5 904 907 151
0 2 905 906 906
1 7 905 908 460
5 8 905 906 4
15 10 905 910 30
13 1 906 912 190
13 13 906 914 48
14 1 906 910 2
15 0 906 916 4
15 2 906 917 61
15 9 906 922 1
2 3 907 911 2
3 15 907 913 452
4 4 907 920 144
4 7 907 921 886
8 10 907 916 38
9 2 907 924 53
12 15 907 917 2
13 0 907 926 15
13 9 907 911 3
14 0 907 919 851
15 3 907 923 49
2 6 908 925 1
3 4 908 922 3
5 0 908 924 45
5 8 908 909 3
5 11 908 909 3
9 6 908 928 833
13 11 908 922 219
14 12 908 919 189
1 9 909 914 19
3 13 909 911 81
6 11 909 928 4
9 3 909 916 72
10 7 909 909 406
13 12 909 919 69
0 0 910 924 419
1 5 910 917 82
1 10 910 921 110
2 11 910 925 11
4 11 910 921 10
7 2 910 929 3
7 13 910 914 1
7 15 910 922 115
12 5 910 914 1
2 9 911 913 496
7 1 911 927 17
10 8 911 912 24
11 14 911 917 1
12 1 911 927 14
14 8 911 913 13
14 15 911 915 10
5 13 912 925 1
15 7 912 924 25
7 3 913 915 842
7 14 913 915 9
8 3 913 921 313
3 7 914 926 160
4 3 914 929 8
9 0 914 916 1106
9 15 914 925 1
11 11 914 934 321
1 3 915 925 988
8 15 915 920 1
12 6 915 921 29
0 8 916 921 204
1 12 916 920 1135
3 5 916 918 2
5 10 916 916 4
7 8 916 927 18
1 1 917 918 141
2 1 917 937 794
2 10 917 924 1
7 0 917 921 956
7 5 917 927 22
9 14 917 924 115
15 8 917 935 233
3 12 918 933 274
9 9 918 936 414
10 9 918 922 18
4 5 919 938 3
5 2 919 921 16
6 2 919 933 1
6 3 919 929 29
8 12 919 931 14
10 5 919 921 408
10 8 919 930 25
11 2 919 931 967
2 3 920 933 138
3 2 920 933 24
3 15 920 929 11
4 13 920 923 255
6 0 920 921 1169
6 7 920 938 942
8 0 920 935 4
8 14 920 933 999
9 4 920 933 175
13 12 920 932 93
0 13 921 933 101
1 12 921 923 6
2 0 921 921 324
2 2 921 940 16
3 8 921 936 429
12 5 921 937 1155
13 4 921 926 6
15 11 921 933 2
1 15 922 925 40
9 10 922 939 29
11 12 922 926 16
13 6 922 928 23
14 0 922 922 1
0 2 923 930 31
2 5 923 942 9
5 2 923 933 977
5 11 923 930 37
5 12 923 927 4
9 5 923 923 146
10 14 923 942 89
14 15 923 928 5
4 1 924 931 51
8 8 924 935 3
11 0 924 940 6
13 5 924 927 1031
9 7 925 926 9
14 3 925 942 22
1 4 926 927 24
2 12 926 942 13
3 1 926 937 34
12 8 926 945 577
3 4 927 936 9
6 6 927 933 115
6 12 927 930 669
0 0 928 946 40
0 8 928 941 2
1 13 928 941 10
2 9 928 938 956
3 3 928 940 1
3 10 928 929 1
5 5 928 933 1
10 6 928 946 5
15 13 928 941 7
0 3 929 937 1
0 12 929 948 34
1 1 929 937 14
4 2 929 929 29
7 15 929 936 1
12 7 929 941 343
15 9 929 949 29
15 10 929 941 1
1 0 930 930 281
4 0 931 937 2
9 8 931 947 21
10 7 931 938 108
14 9 932 937 34
5 9 933 935 191
5 15 933 939 570
7 12 933 936 7
12 11 933 934 175
1 5 934 937 13
9 15 934 935 10
2 4 935 943 11
9 0 935 944 144
11 7 935 941 85
0 1 936 956 98
1 2 936 954 136
1 6 936 955 441
11 14 936 937 1199
1 3 937 948 16
2 8 937 938 465
3 5 937 945 11
9 12 937 938 434
11 2 937 940 8
4 9 938 957 44
5 1 938 956 657
7 3 938 946 524
8 7 938 945 10
10 0 938 941 219
5 5 939 952 1
5 8 939 952 11
7 11 939 942 1
8 5 939 944 1219
9 14 939 945 205
10 8 939 942 449
13 10 939 946 31
8 4 940 958 75
9 2 940 942 164
13 12 940 942 37
15 12 940 944 13
0 15 941 961 9
5 12 941 953 6
10 5 941 958 29
14 4 941 942 23
0 6 942 946 612
0 8 942 956 859
6 5 942 962 1
8 0 942 943 96
15 13 942 952 25
2 2 943 951 7
2 7 943 953 2
6 3 943 958 2
10 4 943 950 104
13 12 943 956 344
14 13 943 951 12
4 4 944 962 19
12 7 944 947 2
12 10 944 962 5
1 8 945 948 2
3 13 945 955 293
4 2 945 959 2
5 14 945 955 14
13 13 945 953 52
1 12 946 958 121
6 0 946 954 3
8 10 946 965 3
10 9 947 966 444
13 4 947 955 18
13 5 947 960 19
14 6 947 954 794
15 8 947 948 154
0 6 948 955 12
3 11 948 964 23
9 1 948 966 16
9 13 948 949 18
10 3 948 961 30
10 14 948 959 1
2 5 949 951 10
4 14 949 950 3
7 9 949 964 280
8 9 949 956 295
11 4 949 949 139
12 7 949 958 22
1 11 950 962 5
6 2 950 970 15
7 2 950 965 1
7 10 950 962 970
9 8 950 952 4
3 0 951 967 1
3 7 951 960 9
5 4 951 956 1115
11 5 951 968 173
0 0 952 957 595
2 12 952 959 19
9 6 952 953 6
12 15 952 964 30
13 0 952 954 600
8 14 953 956 442
10 2 953 961 1
11 14 953 957 38
12 9 953 957 63
13 6 953 969 80
13 15 953 971 111
0 11 954 958 89
1 0 954 968 162
5 15 954 954 241
6 10 954 967 23
9 12 954 961 38
13 11 954 959 7
10 6 955 975 1162
15 13 955 967 4
4 7 956 960 1
7 13 956 959 1243
12 3 956 965 22
14 3 956 956 10
15 14 956 963 5
1 14 957 965 128
2 0 957 960 2
6 12 957 959 2
15 7 957 971 81
2 1 958 973 324
3 15 958 960 6
6 6 958 967 1393
7 1 958 960 222
8 6 958 974 605
9 0 958 978 143
8 15 959 976 1100
10 1 959 962 385
0 12 960 975 4
5 15 960 974 1
9 7 960 975 741
11 10 960 962 80
0 10 961 971 18
5 1 961 970 357
8 7 961 979 3
9 11 961 980 117
12 9 961 965 2
4 8 962 973 6
5 3 962 965 16
8 0 962 972 13
10 8 962 978 80
15 9 962 967 837
2 14 963 968 3
4 9 963 966 696
6 4 963 971 2
13 14 963 980 1238
15 2 963 967 31
15 15 963 977 124
0 1 964 965 47
4 7 964 966 92
9 3 964 968 23
4 4 965 979 37
5 8 965 979 475
5 13 965 978 243
6 7 965 975 10
9 4 965 970 1
3 15 966 975 66
14 0 966 970 1
4 0 967 968 578
10 4 967 979 8
14 3 967 978 4
15 12 967 984 65
1 6 968 977 5
1 9 968 978 21
3 12 968 976 2
4 13 968 969 1095
8 11 968 984 956
3 4 969 982 654
4 7 969 986 10
5 0 969 970 1041
7 10 969 978 5
8 3 969 987 25
9 1 969 978 3
10 5 969 977 1042
14 4 969 980 1
14 6 969 972 63
15 13 969 972 21
1 4 970 980 1
2 9 970 980 1
2 15 970 981 941
4 3 970 977 1
7 11 970 975 135
9 9 970 990 13
5 9 971 977 65
6 0 971 991 592
9 2 971 973 23
10 10 971 984 156
10 14 971 987 2
10 15 971 973 15
13 2 971 972 4
13 4 971 984 14
3 8 972 972 12
5 5 972 981 5
7 4 972 979 2
11 9 972 988 1
0 10 973 980 241
6 10 973 979 3
11 14 973 977 8
12 10 973 990 3
15 8 973 976 7
1 5 974 978 88
4 15 974 975 2
8 1 974 978 73
11 4 974 984 1
12 12 974 990 216
13 9 974 976 2
14 12 974 992 115
4 8 975 978 1016
4 10 975 989 1478
4 14 975 994 21
6 5 975 986 161
13 11 975 993 788
14 1 975 979 393
15 3 975 976 451
15 14 975 987 1240
5 4 976 988 582
5 11 976 993 2
11 2 976 977 1
12 1 976 983 23
15 1 976 985 3
1 10 977 991 943
4 1 977 995 110
6 3 977 982 364
10 12 977 979 2
14 7 977 977 289
14 11 977 989 148
0 11 978 985 4
1 12 978 980 26
2 5 978 987 1
3 5 978 978 170
4 9 978 985 16
7 5 978 982 323
8 9 978 981 22
1 0 979 980 3
1 6 979 992 2
3 12 979 989 13
6 4 979 982 64
8 8 979 982 72
10 9 979 999 105
11 15 979 987 12
14 2 979 994 489
14 15 979 996 306
4 4 980 988 18
5 15 980 985 920
7 11 980 992 313
11 5 980 995 80
12 0 980 983 1
12 13 980 987 9
13 9 980 990 905
14 9 980 986 2
15 4 980 988 521
2 4 981 988 1
11 13 981 985 1
11 14 981 987 920
13 2 981 995 156
13 12 981 984 8
15 10 981 994 226
1 11 982 982 122
12 5 982 985 231
12 11 982 996 17
13 5 982 983 59
0 9 983 996 6
4 13 983 987 1325
11 11 983 997 2
1 13 984 993 24
2 3 984 987 76
4 6 984 994 13
1 0 985 987 15
4 11 985 986 88
9 6 985 992 4
13 0 985 998 4
15 9 985 999 3
4 15 986 990 47
8 4 986 996 5
12 8 986 993 668
0 14 987 989 20
0 3 988 995 203
9 14 988 988 1
13 15 988 991 4
4 13 989 989 56
5 0 989 995 1
11 3 989 997 93
4 10 990 994 62
7 14 990 994 22
10 10 990 994 6
5 9 991 995 1
13 14 991 991 672
7 3 992 998 1
5 12 993 996 69
0 4 994 996 151
3 11 995 998 1
6 14 995 998 1
10 3 997 997 1
4 13 998 999 1126
